34 39 1
35 39 2
36 39 3
37 39 4
38 39 5
39 40 6
39 41 7
39 42 8
39 43 9
39 44 10
30 34 11
31 34 12
32 34 13
33 34 14
34 353 15
36 225 16
23 40 17
40 45 18
41 46 19
42 47 20
43 48 21
43 265 22
44 49 23
25 30 24
26 30 25
27 30 26
28 30 27
29 30 28
30 259 29
33 85 30
348 353 31
349 353 32
350 353 33
351 353 34
352 353 35
353 354 36
353 355 37
353 356 38
353 357 39
353 358 40
220 225 41
221 225 42
222 225 43
224 225 44
225 226 45
225 227 46
225 229 47
225 230 48
18 23 49
19 23 50
20 23 51
21 23 52
22 23 53
23 24 54
23 375 55
45 50 56
45 313 57
45 342 58
46 51 59
47 52 60
47 232 61
48 53 62
260 265 63
261 265 64
262 265 65
263 265 66
264 265 67
265 266 68
265 267 69
265 269 70
265 270 71
49 54 72
49 373 73
25 268 74
25 56 75
26 281 76
29 279 77
254 259 78
255 259 79
256 259 80
257 259 81
258 259 82
80 85 83
82 85 84
83 85 85
84 85 86
85 86 87
85 87 88
85 89 89
85 90 90
85 193 91
343 348 92
344 348 93
345 348 94
346 348 95
347 348 96
354 359 97
355 360 98
238 356 99
332 356 100
356 361 101
357 362 102
286 358 103
358 363 104
215 220 105
216 220 106
218 220 107
219 220 108
220 223 109
171 221 110
217 221 111
224 228 112
226 231 113
229 233 114
229 234 115
229 331 116
230 235 117
13 18 118
14 18 119
15 18 120
16 18 121
17 18 122
370 375 123
371 375 124
372 375 125
374 375 126
375 376 127
375 377 128
375 378 129
375 379 130
375 380 131
50 55 132
308 313 133
309 313 134
310 313 135
311 313 136
312 313 137
313 314 138
313 315 139
313 316 140
313 317 141
313 318 142
337 342 143
338 342 144
339 342 145
340 342 146
341 342 147
52 57 148
232 236 149
53 58 150
160 262 151
170 263 152
266 271 153
190 267 154
267 272 155
269 273 156
269 274 157
270 275 158
54 59 159
368 373 160
369 373 161
56 60 162
56 188 163
276 281 164
277 281 165
278 281 166
280 281 167
281 282 168
281 284 169
281 285 170
279 283 171
249 254 172
250 254 173
251 254 174
252 254 175
253 254 176
213 255 177
255 365 178
99 257 179
75 80 180
76 80 181
77 80 182
78 80 183
79 80 184
80 81 185
83 88 186
69 84 187
84 154 188
86 91 189
87 92 190
89 93 191
89 94 192
90 95 193
189 193 194
191 193 195
192 193 196
193 194 197
193 195 198
193 196 199
193 198 200
110 359 201
287 359 202
359 364 203
237 238 204
238 240 205
238 241 206
238 242 207
238 243 208
327 332 209
328 332 210
329 332 211
330 332 212
332 333 213
332 334 214
332 335 215
332 336 216
361 366 217
362 367 218
130 286 219
286 288 220
286 289 221
286 290 222
286 291 223
211 215 224
212 215 225
214 215 226
166 171 227
167 171 228
168 171 229
169 171 230
171 172 231
171 173 232
171 174 233
171 175 234
171 176 235
171 298 236
234 239 237
326 331 238
8 13 239
9 13 240
10 13 241
11 13 242
12 13 243
304 372 244
98 376 245
376 381 246
377 382 247
378 383 248
379 384 249
380 385 250
55 124 251
303 308 252
305 308 253
306 308 254
307 308 255
314 319 256
315 320 257
316 321 258
205 317 259
317 322 260
318 323 261
102 341 262
57 61 263
57 62 264
155 160 265
156 160 266
158 160 267
159 160 268
160 161 269
160 162 270
160 163 271
160 164 272
160 165 273
185 190 274
186 190 275
187 190 276
96 275 277
59 63 278
59 64 279
60 65 280
183 188 281
184 188 282
126 283 283
103 249 284
244 249 285
245 249 286
246 249 287
247 249 288
248 249 289
4 252 290
208 213 291
209 213 292
210 213 293
123 365 294
97 99 295
99 100 296
99 101 297
99 104 298
70 75 299
71 75 300
72 75 301
73 75 302
74 75 303
76 297 304
77 133 305
77 139 306
81 107 307
88 386 308
66 69 309
67 69 310
68 69 311
150 154 312
151 154 313
152 154 314
153 154 315
154 157 316
192 197 317
194 199 318
195 200 319
195 397 320
196 201 321
196 302 322
198 202 323
198 203 324
105 110 325
106 110 326
108 110 327
109 110 328
110 111 329
110 112 330
110 113 331
110 114 332
110 115 333
287 292 334
135 243 335
324 327 336
325 327 337
125 130 338
127 130 339
128 130 340
129 130 341
130 132 342
130 134 343
117 288 344
288 293 345
289 294 346
290 295 347
291 296 348
206 211 349
207 211 350
145 166 351
172 177 352
136 173 353
173 178 354
122 174 355
174 179 356
175 180 357
176 181 358
298 299 359
298 300 360
3 8 361
5 8 362
6 8 363
7 8 364
301 304 365
382 387 366
383 388 367
384 389 368
385 390 369
119 124 370
120 124 371
121 124 372
204 205 373
182 185 374
126 131 375
103 392 376
0 4 377
1 4 378
2 4 379
4 399 380
118 123 381
133 137 382
133 138 383
139 140 384
139 141 385
139 142 386
139 143 387
386 391 388
146 150 389
147 150 390
148 150 391
149 150 392
393 397 393
394 397 394
395 397 395
396 397 396
397 398 397
111 116 398
114 144 399
300 305 400
388 393 401
394 396 402
184 185 403
284 289 404
368 369 405
369 370 406
33 35 407
341 344 408
343 346 409
304 308 410
219 221 411
325 330 412
382 384 413
235 239 414
306 309 415
149 153 416
166 170 417
146 148 418
378 382 419
257 262 420
243 245 421
117 122 422
70 72 423
49 50 424
113 114 425
34 36 426
342 344 427
266 270 428
132 136 429
155 156 430
63 68 431
98 102 432
205 209 433
358 359 434
361 364 435
232 234 436
8 9 437
288 292 438
367 372 439
28 33 440
142 144 441
263 268 442
113 116 443
146 149 444
104 106 445
393 394 446
354 355 447
385 386 448
315 316 449
37 40 450
355 356 451
113 173 452
258 261 453
272 276 454
196 200 455
109 111 456
257 258 457
280 282 458
322 325 459
68 71 460
0 399 461
111 114 462
14 15 463
362 366 464
142 143 465
67 71 466
43 46 467
203 205 468
19 20 469
290 292 470
252 255 471
52 54 472
60 64 473
270 274 474
66 67 475
354 356 476
64 67 477
253 257 478
268 269 479
345 346 480
244 248 481
180 182 482
150 384 483
262 264 484
393 395 485
352 354 486
350 354 487
319 320 488
393 398 489
162 166 490
204 209 491
3 398 492
18 21 493
321 326 494
383 385 495
268 270 496
188 192 497
46 48 498
134 137 499
145 163 500
174 175 501
125 129 502
164 167 503
290 293 504
40 44 505
284 287 506
216 221 507
79 83 508
357 360 509
38 43 510
112 116 511
136 139 512
48 49 513
165 169 514
276 280 515
118 119 516
91 96 517
125 127 518
78 82 519
398 399 520
166 168 521
268 272 522
233 238 523
290 294 524
224 229 525
380 381 526
363 368 527
7 9 528
67 68 529
246 251 530
285 288 531
133 136 532
190 195 533
323 328 534
336 338 535
138 140 536
67 72 537
245 246 538
288 291 539
47 49 540
266 269 541
364 365 542
111 115 543
182 184 544
6 11 545
178 182 546
255 260 547
93 97 548
258 260 549
46 47 550
188 191 551
56 59 552
57 60 553
309 310 554
285 289 555
25 29 556
209 211 557
176 180 558
361 363 559
50 51 560
60 61 561
140 142 562
195 196 563
173 271 564
186 189 565
198 199 566
168 169 567
202 203 568
261 264 569
293 296 570
143 145 571
26 29 572
221 223 573
101 103 574
284 288 575
10 11 576
260 263 577
269 270 578
64 69 579
292 297 580
204 206 581
377 381 582
92 96 583
354 358 584
331 334 585
179 180 586
297 301 587
26 28 588
76 81 589
8 11 590
116 117 591
220 222 592
41 42 593
373 376 594
391 395 595
12 14 596
203 204 597
325 326 598
327 330 599
117 121 600
71 72 601
62 63 602
95 217 603
228 231 604
392 393 605
249 253 606
297 299 607
91 94 608
322 323 609
122 125 610
300 301 611
183 187 612
20 21 613
71 74 614
97 98 615
330 334 616
246 248 617
217 219 618
42 46 619
316 320 620
220 224 621
386 388 622
226 227 623
81 84 624
292 294 625
123 125 626
389 391 627
93 98 628
159 163 629
354 357 630
106 111 631
28 29 632
157 207 633
114 119 634
356 359 635
391 396 636
93 96 637
112 115 638
323 324 639
309 312 640
260 261 641
387 391 642
287 290 643
71 73 644
156 161 645
384 386 646
124 126 647
289 293 648
109 113 649
133 135 650
127 128 651
167 169 652
240 242 653
275 277 654
320 322 655
293 298 656
282 287 657
147 151 658
94 98 659
75 77 660
307 310 661
83 86 662
103 107 663
134 138 664
315 317 665
334 338 666
218 222 667
215 218 668
244 247 669
159 164 670
287 288 671
177 182 672
370 373 673
12 17 674
126 127 675
179 184 676
2 7 677
377 380 678
333 364 679
79 81 680
49 52 681
390 392 682
152 153 683
209 210 684
370 371 685
128 133 686
388 389 687
382 383 688
271 273 689
108 111 690
228 229 691
254 257 692
13 16 693
241 243 694
275 280 695
308 309 696
177 180 697
69 72 698
205 206 699
178 180 700
301 306 701
163 168 702
0 2 703
161 163 704
135 138 705
299 303 706
134 135 707
7 10 708
30 31 709
8 12 710
341 343 711
366 368 712
336 337 713
62 64 714
203 206 715
279 284 716
144 147 717
251 253 718
234 236 719
88 92 720
216 218 721
280 283 722
104 390 723
366 369 724
165 170 725
90 92 726
194 197 727
116 325 728
80 83 729
106 109 730
314 315 731
91 92 732
68 73 733
308 312 734
273 274 735
189 192 736
86 87 737
244 245 738
82 84 739
269 271 740
16 21 741
46 50 742
207 208 743
367 370 744
69 73 745
82 83 746
350 351 747
192 196 748
346 347 749
377 379 750
335 337 751
380 384 752
175 340 753
149 151 754
176 179 755
215 219 756
381 386 757
274 278 758
145 146 759
52 56 760
159 161 761
277 278 762
1 396 763
247 250 764
180 184 765
376 378 766
323 326 767
49 51 768
334 336 769
177 178 770
123 126 771
233 236 772
127 132 773
91 210 774
212 217 775
123 127 776
89 91 777
6 10 778
359 361 779
317 318 780
104 108 781
324 329 782
61 62 783
339 341 784
384 388 785
112 114 786
286 287 787
42 44 788
311 314 789
330 331 790
343 347 791
147 148 792
336 340 793
283 307 794
93 94 795
374 377 796
340 344 797
53 56 798
158 159 799
134 139 800
27 28 801
278 282 802
271 272 803
276 278 804
106 108 805
91 93 806
88 89 807
56 57 808
156 157 809
92 94 810
379 381 811
392 396 812
307 309 813
10 14 814
351 352 815
272 274 816
68 70 817
14 19 818
56 58 819
18 20 820
200 204 821
158 161 822
31 33 823
316 317 824
161 162 825
117 118 826
210 212 827
311 312 828
267 268 829
189 194 830
284 286 831
383 384 832
195 199 833
173 176 834
153 155 835
41 44 836
322 326 837
283 288 838
303 304 839
11 12 840
395 399 841
205 207 842
381 382 843
357 358 844
227 231 845
186 188 846
320 323 847
146 147 848
343 344 849
230 234 850
184 187 851
387 388 852
105 106 853
9 14 854
201 204 855
52 53 856
392 394 857
135 136 858
241 246 859
291 292 860
86 89 861
135 140 862
26 27 863
151 155 864
14 17 865
245 250 866
343 345 867
148 152 868
214 218 869
98 99 870
144 149 871
59 60 872
76 77 873
24 26 874
304 306 875
332 337 876
321 325 877
275 276 878
47 48 879
304 307 880
234 235 881
150 151 882
380 382 883
115 119 884
311 316 885
283 285 886
116 118 887
63 66 888
382 386 889
7 12 890
331 333 891
365 370 892
21 25 893
241 245 894
379 380 895
263 264 896
242 247 897
229 232 898
360 363 899
389 394 900
29 31 901
30 35 902
362 365 903
129 132 904
28 31 905
363 367 906
385 387 907
316 319 908
185 189 909
55 57 910
50 52 911
65 69 912
237 241 913
137 138 914
256 261 915
248 251 916
250 251 917
253 256 918
242 246 919
324 328 920
352 357 921
4 209 922
369 374 923
72 77 924
33 36 925
63 67 926
167 170 927
44 47 928
360 361 929
59 62 930
304 309 931
261 262 932
157 162 933
212 214 934
302 304 935
87 88 936
32 33 937
0 397 938
181 183 939
172 174 940
0 396 941
152 157 942
260 262 943
51 52 944
19 22 945
300 304 946
237 240 947
328 330 948
169 172 949
221 224 950
120 123 951
233 237 952
267 269 953
337 338 954
94 95 955
234 237 956
157 158 957
264 269 958
338 339 959
373 375 960
185 188 961
173 175 962
115 120 963
73 76 964
162 164 965
390 393 966
231 236 967
96 101 968
390 395 969
256 258 970
150 155 971
381 384 972
275 278 973
20 25 974
272 275 975
127 129 976
105 107 977
226 228 978
9 11 979
178 181 980
344 349 981
306 307 982
288 289 983
35 40 984
137 142 985
364 366 986
299 304 987
31 36 988
277 279 989
76 79 990
266 267 991
201 203 992
371 373 993
183 184 994
359 362 995
95 97 996
73 77 997
138 139 998
138 141 999
51 55 1000
321 324 1001
344 345 1002
329 331 1003
30 33 1004
60 62 1005
371 376 1006
210 211 1007
75 76 1008
55 56 1009
196 197 1010
58 60 1011
218 221 1012
29 32 1013
119 122 1014
180 181 1015
346 349 1016
211 213 1017
326 329 1018
195 197 1019
348 351 1020
351 354 1021
47 51 1022
279 281 1023
38 42 1024
156 180 1025
356 360 1026
84 88 1027
63 65 1028
136 140 1029
301 303 1030
222 227 1031
182 183 1032
15 20 1033
235 237 1034
183 185 1035
382 385 1036
96 98 1037
80 82 1038
372 374 1039
36 38 1040
15 19 1041
64 65 1042
361 362 1043
326 330 1044
100 105 1045
164 168 1046
120 122 1047
267 270 1048
17 22 1049
155 159 1050
118 122 1051
273 277 1052
240 244 1053
93 95 1054
150 153 1055
40 41 1056
1 6 1057
78 81 1058
363 365 1059
81 82 1060
117 119 1061
213 214 1062
266 268 1063
338 341 1064
372 376 1065
230 232 1066
294 298 1067
179 183 1068
0 5 1069
302 306 1070
5 7 1071
95 96 1072
45 49 1073
75 79 1074
383 387 1075
8 10 1076
172 175 1077
321 322 1078
63 64 1079
17 21 1080
233 234 1081
374 378 1082
65 66 1083
184 189 1084
52 55 1085
57 59 1086
188 193 1087
101 106 1088
213 217 1089
86 88 1090
347 352 1091
103 105 1092
223 224 1093
21 26 1094
77 81 1095
69 71 1096
116 121 1097
338 340 1098
17 20 1099
293 294 1100
197 202 1101
357 361 1102
27 32 1103
310 315 1104
318 322 1105
140 144 1106
291 293 1107
199 201 1108
99 102 1109
157 159 1110
14 251 1111
291 294 1112
144 146 1113
317 320 1114
138 143 1115
321 323 1116
162 194 1117
51 54 1118
54 58 1119
181 184 1120
219 223 1121
78 79 1122
122 127 1123
198 200 1124
231 233 1125
4 6 1126
132 135 1127
379 382 1128
365 368 1129
123 128 1130
102 103 1131
202 207 1132
260 264 1133
38 41 1134
22 24 1135
333 338 1136
326 327 1137
32 36 1138
380 383 1139
317 319 1140
156 158 1141
296 300 1142
347 349 1143
284 285 1144
141 146 1145
329 333 1146
100 157 1147
131 136 1148
242 243 1149
126 128 1150
78 83 1151
113 115 1152
300 303 1153
143 144 1154
298 303 1155
66 70 1156
125 126 1157
151 153 1158
162 167 1159
270 271 1160
322 324 1161
197 200 1162
249 333 1163
79 82 1164
61 65 1165
270 273 1166
111 112 1167
170 175 1168
72 74 1169
190 194 1170
24 27 1171
10 12 1172
255 257 1173
223 228 1174
89 90 1175
127 131 1176
390 394 1177
42 43 1178
124 127 1179
309 314 1180
96 97 1181
366 370 1182
273 276 1183
223 285 1184
175 178 1185
345 349 1186
252 256 1187
73 78 1188
18 22 1189
55 59 1190
185 186 1191
214 217 1192
48 51 1193
186 187 1194
209 212 1195
36 37 1196
178 179 1197
312 315 1198
19 21 1199
262 266 1200
154 159 1201
102 106 1202
331 335 1203
11 14 1204
66 71 1205
335 338 1206
236 238 1207
181 186 1208
130 135 1209
292 296 1210
35 37 1211
55 58 1212
44 48 1213
202 205 1214
100 101 1215
360 362 1216
232 235 1217
383 386 1218
5 10 1219
201 206 1220
358 362 1221
357 359 1222
282 284 1223
196 199 1224
69 70 1225
62 67 1226
274 276 1227
180 185 1228
1 3 1229
143 148 1230
176 177 1231
145 148 1232
163 167 1233
239 243 1234
181 182 1235
98 103 1236
288 290 1237
46 49 1238
15 17 1239
344 347 1240
32 35 1241
177 179 1242
371 372 1243
101 102 1244
1 398 1245
329 334 1246
312 314 1247
334 337 1248
397 399 1249
194 195 1250
200 203 1251
246 247 1252
261 266 1253
227 228 1254
204 208 1255
3 7 1256
376 379 1257
174 178 1258
273 278 1259
303 306 1260
232 233 1261
295 299 1262
77 82 1263
297 298 1264
188 190 1265
396 399 1266
0 3 1267
153 158 1268
121 123 1269
43 45 1270
206 208 1271
131 132 1272
369 371 1273
391 392 1274
247 252 1275
211 212 1276
391 394 1277
295 298 1278
84 355 1279
363 364 1280
1 5 1281
280 285 1282
121 122 1283
33 37 1284
326 328 1285
228 230 1286
72 73 1287
25 28 1288
228 233 1289
361 365 1290
287 289 1291
2 398 1292
213 218 1293
224 226 1294
347 351 1295
122 126 1296
394 399 1297
14 16 1298
21 24 1299
128 129 1300
283 286 1301
164 169 1302
212 216 1303
206 209 1304
200 205 1305
282 285 1306
38 40 1307
182 186 1308
141 145 1309
259 261 1310
231 232 1311
324 326 1312
271 276 1313
190 278 1314
373 378 1315
119 121 1316
153 157 1317
129 131 1318
130 133 1319
148 151 1320
0 395 1321
62 65 1322
37 41 1323
333 337 1324
374 376 1325
86 90 1326
114 118 1327
302 303 1328
31 35 1329
239 241 1330
158 163 1331
344 346 1332
197 198 1333
83 84 1334
314 316 1335
28 32 1336
155 157 1337
213 215 1338
248 253 1339
128 131 1340
328 331 1341
393 396 1342
122 123 1343
272 273 1344
16 20 1345
168 172 1346
137 141 1347
2 6 1348
168 173 1349
305 306 1350
351 356 1351
227 232 1352
60 63 1353
7 11 1354
199 200 1355
25 27 1356
6 9 1357
116 120 1358
355 358 1359
11 15 1360
151 156 1361
199 204 1362
76 78 1363
99 205 1364
267 271 1365
231 234 1366
318 321 1367
285 286 1368
334 335 1369
235 236 1370
41 45 1371
124 129 1372
164 165 1373
170 174 1374
40 43 1375
58 62 1376
143 147 1377
230 231 1378
250 252 1379
62 66 1380
340 341 1381
320 324 1382
333 334 1383
328 333 1384
296 299 1385
345 350 1386
135 137 1387
233 235 1388
274 275 1389
315 319 1390
310 311 1391
25 26 1392
202 206 1393
4 5 1394
264 267 1395
211 214 1396
355 357 1397
285 290 1398
389 390 1399
368 372 1400
274 277 1401
134 136 1402
305 309 1403
161 165 1404
214 219 1405
10 15 1406
352 355 1407
47 50 1408
87 89 1409
300 302 1410
167 168 1411
370 374 1412
364 367 1413
366 367 1414
12 15 1415
342 347 1416
303 307 1417
335 336 1418
9 12 1419
122 124 1420
147 149 1421
145 150 1422
333 335 1423
90 93 1424
54 57 1425
254 256 1426
331 332 1427
242 329 1428
236 237 1429
218 223 1430
9 10 1431
115 117 1432
145 149 1433
22 27 1434
386 390 1435
58 61 1436
185 187 1437
289 291 1438
159 162 1439
36 41 1440
11 58 1441
121 125 1442
306 368 1443
97 101 1444
154 155 1445
396 398 1446
34 38 1447
81 83 1448
392 395 1449
340 343 1450
251 252 1451
292 295 1452
100 103 1453
236 240 1454
45 47 1455
112 113 1456
318 319 1457
84 89 1458
74 77 1459
219 224 1460
254 255 1461
319 324 1462
163 165 1463
271 274 1464
237 239 1465
301 305 1466
378 381 1467
216 219 1468
179 182 1469
285 287 1470
322 327 1471
209 214 1472
175 285 1473
236 239 1474
292 293 1475
162 163 1476
113 118 1477
108 113 1478
79 213 1479
64 66 1480
27 31 1481
75 78 1482
278 279 1483
349 350 1484
310 314 1485
337 339 1486
22 26 1487
35 36 1488
83 87 1489
170 173 1490
379 383 1491
318 320 1492
319 322 1493
108 176 1494
169 170 1495
334 339 1496
247 251 1497
385 388 1498
213 216 1499
253 258 1500
109 114 1501
378 379 1502
223 226 1503
367 368 1504
136 141 1505
67 70 1506
108 112 1507
259 262 1508
386 387 1509
51 56 1510
19 24 1511
216 217 1512
276 279 1513
350 352 1514
104 109 1515
223 227 1516
43 47 1517
218 219 1518
0 1 1519
395 396 1520
174 177 1521
234 238 1522
153 156 1523
81 214 1524
106 107 1525
226 229 1526
220 221 1527
108 109 1528
245 247 1529
144 148 1530
20 24 1531
389 392 1532
309 311 1533
48 52 1534
386 389 1535
253 255 1536
362 364 1537
152 155 1538
131 134 1539
92 95 1540
325 329 1541
319 321 1542
340 345 1543
365 366 1544
194 198 1545
115 116 1546
88 93 1547
73 74 1548
172 176 1549
294 296 1550
248 250 1551
65 70 1552
105 109 1553
44 45 1554
100 102 1555
95 98 1556
293 297 1557
349 352 1558
246 250 1559
74 79 1560
13 15 1561
221 226 1562
279 280 1563
141 144 1564
262 267 1565
235 240 1566
251 256 1567
23 26 1568
394 395 1569
305 310 1570
124 128 1571
350 355 1572
26 31 1573
245 248 1574
207 210 1575
43 44 1576
269 272 1577
32 37 1578
230 233 1579
149 152 1580
37 38 1581
53 57 1582
360 365 1583
195 198 1584
342 346 1585
272 277 1586
50 54 1587
358 361 1588
243 248 1589
154 156 1590
41 43 1591
166 169 1592
250 253 1593
23 25 1594
54 55 1595
175 179 1596
24 266 1597
227 230 1598
212 213 1599
277 280 1600
377 378 1601
299 301 1602
186 191 1603
12 336 1604
90 94 1605
197 201 1606
339 340 1607
148 149 1608
107 110 1609
59 61 1610
250 255 1611
293 295 1612
261 263 1613
6 7 1614
57 58 1615
348 350 1616
364 369 1617
338 343 1618
95 99 1619
337 341 1620
61 66 1621
99 103 1622
104 105 1623
297 384 1624
97 102 1625
82 256 1626
388 391 1627
2 397 1628
119 120 1629
249 250 1630
244 246 1631
281 286 1632
132 133 1633
200 202 1634
147 152 1635
70 71 1636
107 108 1637
356 357 1638
200 201 1639
102 107 1640
308 310 1641
111 113 1642
239 244 1643
299 302 1644
241 242 1645
217 222 1646
16 19 1647
226 230 1648
296 301 1649
96 100 1650
82 87 1651
125 128 1652
305 307 1653
80 84 1654
149 398 1655
335 340 1656
278 283 1657
304 305 1658
351 355 1659
165 167 1660
282 283 1661
329 330 1662
359 360 1663
349 354 1664
264 268 1665
235 238 1666
119 123 1667
289 290 1668
367 371 1669
312 316 1670
378 380 1671
107 111 1672
181 185 1673
222 223 1674
333 336 1675
131 133 1676
295 300 1677
210 214 1678
345 347 1679
371 374 1680
283 284 1681
74 78 1682
348 352 1683
29 33 1684
172 173 1685
118 121 1686
395 398 1687
0 398 1688
45 48 1689
384 387 1690
42 45 1691
247 248 1692
70 73 1693
31 32 1694
140 145 1695
50 53 1696
387 390 1697
4 8 1698
114 117 1699
34 37 1700
87 91 1701
208 210 1702
362 363 1703
274 279 1704
165 168 1705
243 244 1706
155 158 1707
24 29 1708
189 190 1709
308 311 1710
136 138 1711
324 325 1712
363 366 1713
291 295 1714
18 19 1715
302 305 1716
115 118 1717
96 99 1718
203 208 1719
189 191 1720
81 86 1721
102 104 1722
142 145 1723
327 331 1724
170 172 1725
224 227 1726
330 335 1727
161 164 1728
184 186 1729
123 124 1730
217 218 1731
206 210 1732
205 208 1733
390 391 1734
376 377 1735
142 147 1736
74 76 1737
1 2 1738
15 16 1739
208 212 1740
3 5 1741
376 380 1742
327 329 1743
68 72 1744
114 116 1745
2 399 1746
211 216 1747
82 86 1748
66 68 1749
310 312 1750
64 68 1751
255 258 1752
97 100 1753
370 372 1754
294 297 1755
279 282 1756
17 19 1757
140 143 1758
239 240 1759
330 333 1760
349 351 1761
94 97 1762
169 173 1763
191 192 1764
163 166 1765
3 4 1766
219 222 1767
207 209 1768
374 379 1769
114 115 1770
70 74 1771
337 340 1772
137 140 1773
121 126 1774
369 372 1775
154 158 1776
21 22 1777
194 196 1778
208 211 1779
100 104 1780
301 302 1781
277 282 1782
190 193 1783
276 277 1784
214 216 1785
58 59 1786
77 78 1787
228 232 1788
191 196 1789
136 137 1790
307 312 1791
314 317 1792
16 17 1793
94 96 1794
391 393 1795
199 203 1796
53 55 1797
392 397 1798
339 343 1799
87 90 1800
222 224 1801
126 130 1802
201 205 1803
35 38 1804
135 139 1805
241 244 1806
151 152 1807
202 204 1808
131 135 1809
346 351 1810
306 311 1811
132 137 1812
69 74 1813
129 133 1814
128 132 1815
348 349 1816
312 317 1817
191 194 1818
169 174 1819
339 344 1820
164 166 1821
133 134 1822
24 28 1823
11 16 1824
311 315 1825
248 252 1826
352 356 1827
109 112 1828
346 350 1829
187 188 1830
307 311 1831
296 297 1832
27 29 1833
336 339 1834
290 291 1835
5 6 1836
103 106 1837
119 210 1838
381 383 1839
207 212 1840
314 318 1841
30 32 1842
40 42 1843
161 166 1844
387 392 1845
137 139 1846
191 195 1847
206 207 1848
183 186 1849
132 134 1850
335 339 1851
107 109 1852
222 226 1853
49 53 1854
259 264 1855
16 240 1856
3 6 1857
143 146 1858
92 97 1859
196 198 1860
88 90 1861
252 253 1862
101 104 1863
372 373 1864
165 166 1865
327 328 1866
294 299 1867
90 91 1868
242 244 1869
259 260 1870
141 143 1871
72 76 1872
388 392 1873
71 76 1874
204 207 1875
105 108 1876
120 125 1877
320 321 1878
215 216 1879
258 262 1880
187 192 1881
156 159 1882
268 273 1883
177 181 1884
298 302 1885
166 167 1886
142 146 1887
55 60 1888
33 38 1889
295 296 1890
336 341 1891
116 119 1892
303 305 1893
138 142 1894
237 242 1895
296 298 1896
341 345 1897
316 318 1898
113 117 1899
179 181 1900
263 267 1901
258 263 1902
208 209 1903
167 172 1904
37 42 1905
252 257 1906
227 229 1907
389 393 1908
231 235 1909
254 258 1910
373 377 1911
129 134 1912
319 323 1913
388 390 1914
3 399 1915
381 385 1916
141 142 1917
256 257 1918
92 93 1919
146 151 1920
120 121 1921
198 201 1922
297 302 1923
44 46 1924
22 25 1925
240 241 1926
203 207 1927
229 230 1928
264 266 1929
347 350 1930
36 40 1931
94 99 1932
342 343 1933
103 108 1934
360 364 1935
328 329 1936
53 54 1937
273 275 1938
289 292 1939
89 92 1940
5 9 1941
368 370 1942
13 17 1943
201 202 1944
182 187 1945
299 300 1946
54 56 1947
282 286 1948
243 247 1949
192 195 1950
394 398 1951
239 242 1952
77 168 1953
280 284 1954
306 310 1955
118 120 1956
240 243 1957
2 5 1958
257 261 1959
367 369 1960
385 389 1961
13 14 1962
215 217 1963
199 202 1964
270 272 1965
178 183 1966
65 68 1967
331 336 1968
170 171 1969
197 199 1970
61 64 1971
148 153 1972
295 297 1973
101 105 1974
152 156 1975
98 101 1976
158 162 1977
323 327 1978
294 295 1979
323 325 1980
192 194 1981
65 67 1982
315 318 1983
112 117 1984
61 63 1985
236 241 1986
95 100 1987
48 50 1988
1 399 1989
187 189 1990
190 191 1991
2 3 1992
366 371 1993
387 389 1994
51 53 1995
140 141 1996
20 22 1997
187 191 1998
102 105 1999
320 325 2000
491 496 2001
492 496 2002
493 496 2003
494 496 2004
495 496 2005
496 497 2006
496 498 2007
496 499 2008
496 500 2009
496 501 2010
496 604 2011
486 491 2012
487 491 2013
488 491 2014
489 491 2015
490 491 2016
494 548 2017
497 502 2018
498 503 2019
499 504 2020
500 505 2021
500 611 2022
501 506 2023
599 604 2024
600 604 2025
601 604 2026
602 604 2027
603 604 2028
604 605 2029
604 606 2030
604 607 2031
604 609 2032
604 723 2033
481 486 2034
482 486 2035
483 486 2036
484 486 2037
485 486 2038
489 795 2039
543 548 2040
544 548 2041
545 548 2042
546 548 2043
547 548 2044
548 549 2045
548 550 2046
548 551 2047
548 552 2048
548 553 2049
502 507 2050
503 508 2051
504 509 2052
505 510 2053
608 611 2054
610 611 2055
611 612 2056
611 613 2057
611 614 2058
611 615 2059
611 616 2060
506 511 2061
506 659 2062
594 599 2063
595 599 2064
596 599 2065
597 599 2066
598 599 2067
569 601 2068
584 601 2069
605 687 2070
607 674 2071
607 789 2072
607 619 2073
609 735 2074
718 723 2075
719 723 2076
720 723 2077
722 723 2078
723 725 2079
723 726 2080
723 727 2081
723 728 2082
476 481 2083
477 481 2084
478 481 2085
479 481 2086
480 481 2087
481 721 2088
400 795 2089
790 795 2090
791 795 2091
792 795 2092
793 795 2093
794 795 2094
795 796 2095
795 797 2096
795 798 2097
795 799 2098
538 543 2099
539 543 2100
540 543 2101
541 543 2102
542 543 2103
549 554 2104
550 555 2105
513 551 2106
552 556 2107
552 557 2108
553 558 2109
417 507 2110
507 512 2111
509 514 2112
510 515 2113
401 610 2114
612 617 2115
612 684 2116
613 618 2117
615 620 2118
511 516 2119
511 764 2120
654 659 2121
655 659 2122
656 659 2123
657 659 2124
658 659 2125
659 660 2126
659 661 2127
659 662 2128
659 663 2129
659 664 2130
419 594 2131
590 594 2132
591 594 2133
592 594 2134
593 594 2135
468 598 2136
564 569 2137
565 569 2138
566 569 2139
567 569 2140
568 569 2141
569 571 2142
569 572 2143
569 573 2144
569 574 2145
579 584 2146
580 584 2147
581 584 2148
582 584 2149
583 584 2150
584 585 2151
584 587 2152
584 588 2153
584 589 2154
682 687 2155
683 687 2156
685 687 2157
686 687 2158
687 688 2159
687 690 2160
687 691 2161
687 692 2162
669 674 2163
670 674 2164
671 674 2165
673 674 2166
674 675 2167
674 676 2168
674 677 2169
674 678 2170
674 679 2171
785 789 2172
786 789 2173
787 789 2174
788 789 2175
619 621 2176
619 622 2177
619 623 2178
619 624 2179
730 735 2180
731 735 2181
732 735 2182
733 735 2183
734 735 2184
735 736 2185
735 737 2186
735 739 2187
735 740 2188
713 718 2189
714 718 2190
715 718 2191
716 718 2192
717 718 2193
720 724 2194
725 729 2195
462 727 2196
471 476 2197
472 476 2198
473 476 2199
474 476 2200
475 476 2201
436 480 2202
400 402 2203
400 403 2204
400 404 2205
400 405 2206
455 792 2207
648 793 2208
466 798 2209
533 538 2210
534 538 2211
535 538 2212
536 538 2213
537 538 2214
542 563 2215
406 554 2216
554 559 2217
555 560 2218
513 517 2219
513 518 2220
556 561 2221
557 562 2222
557 672 2223
558 766 2224
412 417 2225
413 417 2226
414 417 2227
415 417 2228
416 417 2229
417 418 2230
417 421 2231
417 422 2232
514 519 2233
515 520 2234
515 694 2235
680 684 2236
681 684 2237
684 689 2238
425 618 2239
451 620 2240
620 625 2241
516 521 2242
759 764 2243
760 764 2244
761 764 2245
762 764 2246
763 764 2247
764 765 2248
764 767 2249
764 768 2250
764 769 2251
649 654 2252
650 654 2253
651 654 2254
652 654 2255
653 654 2256
660 665 2257
661 666 2258
662 667 2259
663 668 2260
663 712 2261
642 664 2262
419 420 2263
419 423 2264
419 424 2265
586 590 2266
590 710 2267
531 593 2268
463 468 2269
464 468 2270
467 468 2271
468 469 2272
468 470 2273
565 570 2274
407 566 2275
571 575 2276
571 576 2277
438 572 2278
572 577 2279
573 578 2280
428 589 2281
589 626 2282
688 693 2283
460 690 2284
690 695 2285
691 696 2286
692 697 2287
645 675 2288
679 780 2289
781 785 2290
782 785 2291
783 785 2292
784 785 2293
446 621 2294
622 627 2295
623 628 2296
624 629 2297
435 730 2298
711 730 2299
733 738 2300
707 736 2301
736 741 2302
737 742 2303
739 743 2304
739 744 2305
740 745 2306
708 713 2307
709 713 2308
457 462 2309
458 462 2310
459 462 2311
461 462 2312
462 465 2313
431 436 2314
432 436 2315
433 436 2316
436 437 2317
436 440 2318
436 441 2319
403 408 2320
403 639 2321
404 409 2322
405 410 2323
450 455 2324
452 455 2325
453 455 2326
454 455 2327
455 456 2328
643 648 2329
644 648 2330
646 648 2331
647 648 2332
528 533 2333
529 533 2334
530 533 2335
532 533 2336
406 411 2337
559 699 2338
517 522 2339
518 523 2340
766 770 2341
766 771 2342
421 426 2343
422 427 2344
519 524 2345
520 525 2346
694 698 2347
694 758 2348
425 430 2349
447 451 2350
448 451 2351
449 451 2352
625 630 2353
521 526 2354
754 759 2355
755 759 2356
756 759 2357
757 759 2358
767 772 2359
768 773 2360
769 774 2361
637 642 2362
638 642 2363
640 642 2364
641 642 2365
424 429 2366
705 710 2367
706 710 2368
527 531 2369
434 438 2370
438 439 2371
438 442 2372
626 631 2373
695 700 2374
696 701 2375
697 775 2376
776 780 2377
777 780 2378
778 780 2379
779 780 2380
632 784 2381
443 446 2382
444 446 2383
445 446 2384
628 633 2385
629 634 2386
702 707 2387
703 707 2388
704 707 2389
741 746 2390
742 747 2391
744 748 2392
744 749 2393
745 750 2394
635 639 2395
636 639 2396
753 758 2397
751 754 2398
752 754 2399
415 420 2400
409 413 2401
668 672 2402
407 410 2403
408 409 2404
635 637 2405
567 571 2406
765 769 2407
420 422 2408
427 430 2409
556 558 2410
619 620 2411
761 763 2412
779 783 2413
654 658 2414
664 665 2415
632 635 2416
518 521 2417
724 727 2418
414 415 2419
495 499 2420
460 463 2421
657 661 2422
440 444 2423
636 641 2424
405 409 2425
426 427 2426
484 488 2427
512 517 2428
562 567 2429
666 667 2430
784 786 2431
426 431 2432
618 619 2433
418 422 2434
623 625 2435
450 452 2436
613 615 2437
535 536 2438
775 777 2439
526 530 2440
428 432 2441
609 612 2442
468 473 2443
698 700 2444
493 495 2445
617 622 2446
495 497 2447
797 799 2448
688 690 2449
683 684 2450
606 608 2451
623 627 2452
657 788 2453
570 574 2454
583 585 2455
657 660 2456
681 686 2457
596 600 2458
512 514 2459
786 791 2460
710 712 2461
649 650 2462
750 755 2463
749 754 2464
456 461 2465
475 480 2466
470 475 2467
466 469 2468
656 661 2469
497 501 2470
455 460 2471
713 715 2472
650 651 2473
472 473 2474
637 638 2475
472 475 2476
639 644 2477
440 442 2478
759 762 2479
509 511 2480
651 652 2481
708 712 2482
533 536 2483
443 444 2484
500 504 2485
622 624 2486
508 513 2487
667 672 2488
631 632 2489
406 408 2490
488 493 2491
772 776 2492
620 622 2493
670 673 2494
439 440 2495
474 477 2496
400 799 2497
782 784 2498
592 593 2499
638 639 2500
408 412 2501
451 453 2502
705 707 2503
615 617 2504
685 688 2505
686 786 2506
666 671 2507
514 517 2508
663 666 2509
648 651 2510
483 484 2511
562 565 2512
410 415 2513
652 656 2514
411 412 2515
498 499 2516
647 651 2517
458 463 2518
625 629 2519
499 500 2520
776 777 2521
668 670 2522
610 612 2523
598 602 2524
678 681 2525
591 592 2526
650 652 2527
775 779 2528
591 595 2529
759 760 2530
762 765 2531
692 696 2532
768 770 2533
666 670 2534
554 557 2535
550 552 2536
581 582 2537
410 414 2538
527 532 2539
677 681 2540
416 420 2541
641 645 2542
609 610 2543
666 669 2544
424 428 2545
689 690 2546
416 421 2547
730 734 2548
428 429 2549
751 752 2550
644 647 2551
431 434 2552
443 447 2553
459 460 2554
738 742 2555
788 792 2556
520 524 2557
676 678 2558
606 610 2559
445 448 2560
684 686 2561
410 411 2562
551 555 2563
542 545 2564
662 665 2565
605 606 2566
572 575 2567
408 413 2568
637 641 2569
718 720 2570
409 410 2571
698 703 2572
551 554 2573
728 730 2574
558 560 2575
557 560 2576
514 672 2577
745 746 2578
414 418 2579
523 528 2580
758 759 2581
747 749 2582
635 640 2583
512 516 2584
695 699 2585
662 664 2586
521 522 2587
590 595 2588
713 714 2589
603 606 2590
734 737 2591
631 635 2592
429 430 2593
617 621 2594
582 586 2595
447 452 2596
667 668 2597
645 650 2598
526 527 2599
660 661 2600
773 774 2601
727 732 2602
682 685 2603
714 716 2604
483 488 2605
703 708 2606
404 406 2607
543 546 2608
415 416 2609
721 724 2610
627 631 2611
408 411 2612
547 551 2613
718 721 2614
602 603 2615
470 473 2616
612 613 2617
467 469 2618
614 615 2619
767 770 2620
648 652 2621
699 701 2622
485 487 2623
488 489 2624
738 741 2625
758 761 2626
626 629 2627
729 730 2628
565 568 2629
774 779 2630
685 686 2631
479 484 2632
641 643 2633
753 755 2634
701 705 2635
695 696 2636
561 565 2637
597 719 2638
660 664 2639
560 564 2640
534 537 2641
766 768 2642
708 709 2643
721 725 2644
697 700 2645
673 676 2646
634 639 2647
540 542 2648
730 732 2649
450 453 2650
457 459 2651
495 500 2652
529 531 2653
755 760 2654
781 783 2655
654 656 2656
776 781 2657
545 550 2658
457 458 2659
488 492 2660
578 717 2661
696 699 2662
771 772 2663
647 650 2664
439 441 2665
668 743 2666
770 774 2667
678 682 2668
469 473 2669
425 426 2670
445 447 2671
524 525 2672
403 406 2673
653 655 2674
480 482 2675
493 498 2676
571 572 2677
512 513 2678
704 706 2679
712 713 2680
655 658 2681
448 743 2682
508 512 2683
429 432 2684
649 653 2685
561 564 2686
653 672 2687
402 404 2688
553 556 2689
630 635 2690
643 644 2691
750 751 2692
630 632 2693
751 755 2694
689 694 2695
609 613 2696
749 753 2697
692 694 2698
416 418 2699
667 669 2700
712 715 2701
592 595 2702
515 517 2703
484 485 2704
777 781 2705
476 739 2706
636 638 2707
753 756 2708
598 603 2709
410 412 2710
738 740 2711
582 585 2712
757 762 2713
669 670 2714
658 662 2715
727 730 2716
672 675 2717
574 576 2718
785 786 2719
752 755 2720
694 695 2721
652 653 2722
487 490 2723
594 597 2724
591 596 2725
646 647 2726
410 413 2727
570 571 2728
691 694 2729
754 758 2730
747 752 2731
703 705 2732
765 766 2733
415 419 2734
752 756 2735
418 593 2736
505 508 2737
680 685 2738
434 437 2739
422 425 2740
442 445 2741
670 675 2742
560 562 2743
747 750 2744
645 648 2745
777 778 2746
773 777 2747
621 622 2748
413 414 2749
656 657 2750
713 717 2751
580 582 2752
479 686 2753
609 614 2754
627 628 2755
411 413 2756
582 583 2757
585 588 2758
430 433 2759
750 754 2760
724 726 2761
783 786 2762
532 536 2763
684 685 2764
498 500 2765
603 607 2766
525 527 2767
449 450 2768
742 744 2769
519 522 2770
644 645 2771
770 775 2772
757 760 2773
693 694 2774
563 566 2775
783 787 2776
652 655 2777
748 752 2778
654 655 2779
594 595 2780
612 616 2781
661 663 2782
511 514 2783
626 628 2784
522 526 2785
626 627 2786
440 445 2787
543 544 2788
632 637 2789
418 421 2790
763 766 2791
697 701 2792
406 407 2793
716 717 2794
794 796 2795
742 745 2796
743 747 2797
671 675 2798
476 480 2799
762 763 2800
706 708 2801
573 574 2802
503 506 2803
592 597 2804
442 444 2805
716 719 2806
772 774 2807
430 435 2808
726 731 2809
798 799 2810
704 709 2811
774 778 2812
524 527 2813
499 501 2814
546 551 2815
675 678 2816
470 471 2817
461 463 2818
526 531 2819
481 482 2820
651 653 2821
411 415 2822
439 443 2823
504 506 2824
443 448 2825
660 663 2826
573 576 2827
599 600 2828
747 751 2829
503 504 2830
452 456 2831
542 544 2832
557 669 2833
712 717 2834
525 746 2835
541 545 2836
715 716 2837
615 619 2838
656 660 2839
423 425 2840
531 534 2841
461 465 2842
793 798 2843
403 405 2844
455 458 2845
631 634 2846
506 510 2847
453 454 2848
720 722 2849
740 741 2850
487 492 2851
402 798 2852
633 637 2853
502 504 2854
679 684 2855
563 565 2856
628 630 2857
574 575 2858
600 602 2859
615 618 2860
400 798 2861
421 424 2862
710 714 2863
614 618 2864
678 679 2865
409 412 2866
765 768 2867
479 480 2868
717 721 2869
542 546 2870
730 733 2871
675 679 2872
454 457 2873
720 725 2874
460 462 2875
465 744 2876
418 423 2877
474 475 2878
796 798 2879
557 561 2880
552 555 2881
587 590 2882
465 467 2883
645 647 2884
540 541 2885
519 521 2886
745 747 2887
681 683 2888
614 616 2889
695 697 2890
613 617 2891
642 645 2892
545 549 2893
729 733 2894
408 410 2895
580 585 2896
402 405 2897
648 649 2898
401 798 2899
556 560 2900
402 406 2901
522 525 2902
726 730 2903
532 535 2904
618 623 2905
599 601 2906
432 524 2907
740 742 2908
574 766 2909
739 741 2910
653 658 2911
646 650 2912
434 453 2913
512 515 2914
546 550 2915
709 714 2916
471 472 2917
673 677 2918
753 757 2919
738 743 2920
456 460 2921
492 494 2922
557 558 2923
432 435 2924
558 559 2925
552 553 2926
441 442 2927
421 422 2928
778 779 2929
633 638 2930
454 459 2931
433 434 2932
695 698 2933
424 426 2934
596 598 2935
703 704 2936
402 799 2937
522 527 2938
693 696 2939
575 576 2940
573 577 2941
736 738 2942
651 655 2943
712 716 2944
736 740 2945
673 678 2946
646 651 2947
673 675 2948
608 613 2949
714 717 2950
425 427 2951
575 580 2952
471 473 2953
745 748 2954
640 700 2955
658 661 2956
420 423 2957
774 775 2958
517 521 2959
402 797 2960
544 547 2961
502 503 2962
756 760 2963
726 727 2964
422 423 2965
577 580 2966
704 708 2967
721 722 2968
499 502 2969
510 512 2970
780 781 2971
447 450 2972
403 799 2973
593 597 2974
700 701 2975
521 523 2976
427 429 2977
629 631 2978
565 566 2979
754 756 2980
437 439 2981
589 591 2982
427 428 2983
446 447 2984
752 757 2985
700 703 2986
698 699 2987
622 625 2988
639 640 2989
790 791 2990
586 589 2991
729 763 2992
586 591 2993
418 419 2994
691 695 2995
466 467 2996
469 471 2997
464 467 2998
522 524 2999
583 588 3000
416 419 3001
563 568 3002
716 720 3003
626 630 3004
625 628 3005
523 527 3006
632 633 3007
698 701 3008
580 581 3009
702 705 3010
666 668 3011
533 535 3012
763 767 3013
679 681 3014
442 446 3015
782 787 3016
455 457 3017
467 472 3018
616 617 3019
467 470 3020
583 587 3021
433 438 3022
751 753 3023
528 529 3024
620 623 3025
595 596 3026
681 682 3027
757 758 3028
658 663 3029
783 784 3030
743 745 3031
460 465 3032
538 541 3033
628 632 3034
412 414 3035
620 621 3036
556 557 3037
537 541 3038
660 662 3039
690 691 3040
731 734 3041
669 673 3042
623 624 3043
758 778 3044
668 669 3045
506 508 3046
755 756 3047
448 452 3048
438 441 3049
581 583 3050
511 512 3051
514 518 3052
519 520 3053
725 727 3054
595 597 3055
449 454 3056
796 797 3057
725 728 3058
429 433 3059
779 784 3060
493 497 3061
686 689 3062
509 512 3063
450 451 3064
545 546 3065
480 485 3066
473 477 3067
711 715 3068
708 710 3069
475 479 3070
443 445 3071
485 490 3072
404 405 3073
736 737 3074
648 653 3075
726 729 3076
462 466 3077
699 702 3078
528 531 3079
563 624 3080
565 567 3081
420 424 3082
507 510 3083
554 558 3084
724 729 3085
531 535 3086
794 798 3087
493 494 3088
581 585 3089
793 794 3090
488 490 3091
593 598 3092
785 787 3093
772 777 3094
572 576 3095
605 608 3096
774 776 3097
530 532 3098
475 478 3099
696 700 3100
540 544 3101
701 704 3102
742 746 3103
536 539 3104
602 606 3105
608 609 3106
696 697 3107
625 626 3108
733 734 3109
787 792 3110
693 697 3111
590 591 3112
421 425 3113
508 616 3114
571 574 3115
647 649 3116
701 706 3117
456 458 3118
763 768 3119
430 434 3120
759 763 3121
621 624 3122
682 683 3123
486 490 3124
505 507 3125
561 563 3126
577 581 3127
462 467 3128
602 607 3129
457 460 3130
508 510 3131
720 721 3132
622 626 3133
456 459 3134
667 671 3135
492 495 3136
566 571 3137
682 686 3138
616 619 3139
713 716 3140
685 689 3141
559 562 3142
423 428 3143
476 477 3144
516 518 3145
771 773 3146
734 738 3147
786 787 3148
762 769 3149
628 629 3150
680 683 3151
678 683 3152
762 767 3153
664 668 3154
796 799 3155
663 691 3156
400 796 3157
517 519 3158
575 578 3159
451 452 3160
520 522 3161
610 613 3162
731 733 3163
444 447 3164
760 765 3165
729 731 3166
486 487 3167
518 745 3168
738 739 3169
552 554 3170
688 691 3171
668 671 3172
677 679 3173
495 498 3174
427 431 3175
688 692 3176
732 733 3177
585 590 3178
765 770 3179
525 528 3180
645 649 3181
621 623 3182
657 658 3183
749 750 3184
661 662 3185
699 703 3186
634 636 3187
733 737 3188
530 535 3189
593 596 3190
776 778 3191
772 773 3192
549 552 3193
792 794 3194
528 530 3195
784 788 3196
639 642 3197
494 497 3198
744 746 3199
761 765 3200
756 757 3201
464 469 3202
684 688 3203
608 610 3204
452 454 3205
767 771 3206
486 489 3207
671 672 3208
458 460 3209
607 610 3210
725 726 3211
407 409 3212
601 603 3213
487 488 3214
522 523 3215
402 403 3216
513 515 3217
435 437 3218
573 575 3219
679 683 3220
743 744 3221
744 747 3222
707 710 3223
773 776 3224
629 633 3225
644 646 3226
401 796 3227
655 657 3228
556 559 3229
633 636 3230
546 789 3231
514 516 3232
547 549 3233
532 537 3234
426 429 3235
405 407 3236
717 720 3237
586 588 3238
587 591 3239
403 404 3240
709 711 3241
641 646 3242
719 720 3243
477 482 3244
527 530 3245
793 797 3246
530 534 3247
407 408 3248
791 796 3249
468 472 3250
661 665 3251
756 761 3252
529 532 3253
708 711 3254
465 653 3255
711 712 3256
414 416 3257
789 790 3258
787 791 3259
780 785 3260
407 411 3261
457 461 3262
605 607 3263
650 653 3264
476 479 3265
503 505 3266
515 519 3267
472 477 3268
401 797 3269
485 489 3270
539 541 3271
579 581 3272
526 529 3273
756 758 3274
788 793 3275
787 788 3276
439 444 3277
516 520 3278
456 457 3279
401 406 3280
724 725 3281
533 534 3282
656 658 3283
606 612 3284
559 560 3285
628 631 3286
616 620 3287
718 719 3288
614 619 3289
401 799 3290
755 757 3291
645 646 3292
463 465 3293
682 684 3294
469 474 3295
402 407 3296
442 447 3297
760 762 3298
676 679 3299
690 694 3300
748 749 3301
781 782 3302
746 748 3303
489 490 3304
420 425 3305
782 786 3306
574 579 3307
664 666 3308
549 553 3309
638 641 3310
521 524 3311
613 616 3312
585 587 3313
665 670 3314
785 790 3315
630 634 3316
491 494 3317
469 470 3318
774 777 3319
431 433 3320
618 622 3321
490 495 3322
452 453 3323
789 792 3324
501 504 3325
412 413 3326
539 542 3327
601 605 3328
702 703 3329
585 586 3330
422 424 3331
747 748 3332
781 784 3333
692 693 3334
518 519 3335
544 545 3336
567 570 3337
523 524 3338
553 554 3339
755 758 3340
746 749 3341
441 445 3342
741 744 3343
494 495 3344
709 710 3345
508 511 3346
652 657 3347
566 567 3348
693 698 3349
544 546 3350
499 503 3351
544 549 3352
736 739 3353
761 762 3354
470 474 3355
508 509 3356
401 403 3357
421 423 3358
786 788 3359
704 705 3360
705 709 3361
537 540 3362
426 428 3363
643 646 3364
574 577 3365
446 451 3366
765 767 3367
643 645 3368
453 457 3369
526 528 3370
749 751 3371
615 616 3372
683 686 3373
497 498 3374
466 574 3375
732 737 3376
706 707 3377
490 493 3378
536 541 3379
779 781 3380
440 443 3381
437 440 3382
777 782 3383
764 766 3384
634 638 3385
459 464 3386
650 655 3387
534 536 3388
685 690 3389
564 565 3390
608 612 3391
791 792 3392
669 671 3393
576 577 3394
414 419 3395
441 444 3396
497 500 3397
776 779 3398
411 416 3399
757 761 3400
691 693 3401
524 528 3402
405 406 3403
490 492 3404
458 461 3405
686 688 3406
603 605 3407
412 415 3408
568 571 3409
694 696 3410
760 761 3411
705 706 3412
702 706 3413
644 649 3414
481 569 3415
588 592 3416
442 443 3417
444 448 3418
555 671 3419
463 466 3420
741 743 3421
617 619 3422
588 593 3423
400 401 3424
435 439 3425
741 745 3426
618 621 3427
596 597 3428
722 727 3429
417 419 3430
596 601 3431
717 722 3432
444 445 3433
463 464 3434
540 545 3435
441 443 3436
537 542 3437
579 583 3438
731 736 3439
536 540 3440
649 651 3441
431 435 3442
711 716 3443
635 638 3444
769 771 3445
468 471 3446
501 502 3447
427 432 3448
698 702 3449
750 753 3450
411 414 3451
441 446 3452
784 787 3453
436 438 3454
775 780 3455
463 467 3456
576 578 3457
570 572 3458
595 598 3459
752 753 3460
637 639 3461
647 652 3462
480 483 3463
640 645 3464
639 641 3465
710 715 3466
589 593 3467
683 688 3468
446 450 3469
572 573 3470
406 410 3471
675 676 3472
722 725 3473
597 598 3474
745 749 3475
470 472 3476
481 483 3477
785 788 3478
642 643 3479
432 437 3480
568 573 3481
430 431 3482
675 680 3483
422 426 3484
484 489 3485
549 550 3486
618 620 3487
538 540 3488
581 586 3489
677 682 3490
487 489 3491
507 508 3492
722 726 3493
535 539 3494
553 557 3495
672 677 3496
692 695 3497
707 708 3498
769 772 3499
515 516 3500
491 493 3501
478 482 3502
434 439 3503
564 568 3504
469 472 3505
403 798 3506
528 532 3507
413 418 3508
578 580 3509
459 463 3510
461 464 3511
623 626 3512
510 513 3513
767 769 3514
413 416 3515
510 514 3516
555 559 3517
771 774 3518
517 518 3519
746 750 3520
781 786 3521
665 669 3522
751 756 3523
760 763 3524
754 755 3525
405 408 3526
561 566 3527
433 437 3528
559 564 3529
726 728 3530
466 468 3531
562 564 3532
525 526 3533
715 720 3534
524 526 3535
477 478 3536
706 711 3537
541 542 3538
597 600 3539
562 566 3540
575 579 3541
769 773 3542
787 790 3543
401 405 3544
606 607 3545
524 529 3546
690 693 3547
794 797 3548
712 714 3549
550 797 3550
598 601 3551
758 760 3552
576 767 3553
667 670 3554
431 432 3555
632 634 3556
588 590 3557
583 586 3558
492 497 3559
728 733 3560
535 540 3561
582 587 3562
450 454 3563
483 485 3564
612 614 3565
504 508 3566
451 456 3567
558 563 3568
404 799 3569
568 570 3570
587 589 3571
500 502 3572
547 550 3573
790 793 3574
527 529 3575
770 772 3576
655 660 3577
699 700 3578
600 603 3579
694 699 3580
671 673 3581
768 771 3582
587 588 3583
517 520 3584
529 534 3585
710 711 3586
777 779 3587
761 766 3588
483 487 3589
602 605 3590
516 517 3591
588 591 3592
603 608 3593
778 781 3594
507 511 3595
711 714 3596
589 592 3597
697 698 3598
791 793 3599
770 773 3600
663 665 3601
592 596 3602
680 681 3603
748 750 3604
462 464 3605
536 537 3606
696 698 3607
610 614 3608
448 453 3609
789 791 3610
523 525 3611
654 657 3612
462 463 3613
437 441 3614
788 791 3615
651 781 3616
560 565 3617
554 556 3618
791 794 3619
625 627 3620
513 516 3621
429 434 3622
538 542 3623
546 547 3624
792 793 3625
446 449 3626
737 738 3627
453 456 3628
424 427 3629
420 421 3630
538 539 3631
537 539 3632
480 484 3633
629 630 3634
771 775 3635
640 643 3636
423 427 3637
621 625 3638
669 672 3639
601 606 3640
653 656 3641
753 754 3642
474 478 3643
748 753 3644
560 563 3645
497 499 3646
717 719 3647
658 660 3648
743 746 3649
627 632 3650
724 728 3651
579 580 3652
680 682 3653
732 736 3654
750 752 3655
702 704 3656
460 461 3657
445 450 3658
553 555 3659
530 531 3660
435 440 3661
426 741 3662
681 685 3663
710 713 3664
711 713 3665
686 690 3666
706 709 3667
718 722 3668
772 775 3669
555 558 3670
531 536 3671
613 614 3672
746 747 3673
740 743 3674
605 609 3675
482 483 3676
440 441 3677
661 664 3678
701 703 3679
429 431 3680
719 721 3681
541 546 3682
634 637 3683
464 466 3684
509 513 3685
518 520 3686
412 416 3687
715 719 3688
737 739 3689
425 428 3690
630 631 3691
531 533 3692
509 510 3693
486 488 3694
599 602 3695
677 678 3696
595 600 3697
665 668 3698
546 549 3699
653 657 3700
671 676 3701
576 580 3702
564 566 3703
400 797 3704
539 540 3705
732 734 3706
500 503 3707
549 551 3708
424 425 3709
794 799 3710
478 483 3711
570 573 3712
631 633 3713
728 729 3714
649 652 3715
446 448 3716
445 449 3717
664 667 3718
447 632 3719
700 702 3720
562 563 3721
705 708 3722
683 685 3723
612 615 3724
586 587 3725
423 426 3726
577 579 3727
664 669 3728
453 458 3729
403 407 3730
679 680 3731
492 493 3732
431 648 3733
790 792 3734
737 741 3735
790 794 3736
465 469 3737
642 646 3738
597 602 3739
435 438 3740
679 682 3741
423 424 3742
741 742 3743
709 712 3744
744 767 3745
471 475 3746
437 442 3747
585 589 3748
773 778 3749
498 501 3750
678 680 3751
473 478 3752
775 778 3753
694 697 3754
783 788 3755
775 776 3756
415 418 3757
763 765 3758
689 693 3759
617 618 3760
778 783 3761
451 454 3762
460 464 3763
478 479 3764
419 422 3765
770 771 3766
768 769 3767
558 561 3768
714 719 3769
504 505 3770
601 602 3771
641 644 3772
466 471 3773
494 498 3774
614 617 3775
578 582 3776
624 626 3777
529 530 3778
634 635 3779
485 488 3780
676 677 3781
636 640 3782
731 732 3783
707 709 3784
455 459 3785
448 758 3786
559 563 3787
727 728 3788
670 672 3789
510 606 3790
637 640 3791
566 568 3792
563 567 3793
591 593 3794
577 582 3795
482 485 3796
588 589 3797
518 676 3798
498 502 3799
686 691 3800
629 632 3801
479 483 3802
597 601 3803
627 629 3804
520 521 3805
578 581 3806
401 404 3807
490 494 3808
640 644 3809
670 671 3810
722 724 3811
749 752 3812
689 691 3813
630 633 3814
451 455 3815
511 515 3816
599 603 3817
789 793 3818
780 783 3819
542 547 3820
590 593 3821
627 630 3822
561 562 3823
458 459 3824
631 636 3825
535 537 3826
473 475 3827
477 480 3828
570 642 3829
638 640 3830
610 615 3831
523 526 3832
600 601 3833
676 680 3834
715 717 3835
564 567 3836
543 545 3837
779 782 3838
578 579 3839
728 731 3840
534 535 3841
454 458 3842
413 415 3843
474 479 3844
484 487 3845
506 507 3846
404 407 3847
744 745 3848
643 647 3849
587 592 3850
688 689 3851
575 577 3852
617 620 3853
740 744 3854
525 529 3855
505 509 3856
533 537 3857
703 706 3858
551 553 3859
452 457 3860
668 673 3861
633 634 3862
748 751 3863
475 477 3864
721 726 3865
449 453 3866
594 598 3867
439 442 3868
697 699 3869
762 766 3870
502 506 3871
662 663 3872
600 605 3873
594 596 3874
482 487 3875
632 636 3876
728 732 3877
640 641 3878
739 742 3879
729 732 3880
428 430 3881
607 608 3882
473 474 3883
447 449 3884
520 523 3885
701 702 3886
539 544 3887
541 544 3888
689 692 3889
792 796 3890
534 539 3891
428 431 3892
543 547 3893
471 474 3894
502 505 3895
788 790 3896
478 480 3897
513 514 3898
693 695 3899
438 440 3900
409 414 3901
555 557 3902
491 495 3903
432 434 3904
507 509 3905
622 623 3906
605 610 3907
733 736 3908
571 573 3909
505 506 3910
404 408 3911
476 478 3912
737 740 3913
606 609 3914
725 730 3915
780 782 3916
638 643 3917
579 582 3918
665 667 3919
567 568 3920
714 715 3921
444 449 3922
501 505 3923
766 769 3924
593 595 3925
551 552 3926
624 625 3927
707 712 3928
655 656 3929
501 503 3930
773 775 3931
642 644 3932
636 637 3933
481 484 3934
742 743 3935
797 798 3936
521 525 3937
727 729 3938
646 649 3939
429 633 3940
624 628 3941
454 456 3942
734 739 3943
782 783 3944
489 492 3945
433 435 3946
700 705 3947
406 409 3948
663 667 3949
662 666 3950
464 465 3951
428 680 3952
550 554 3953
568 572 3954
734 736 3955
489 493 3956
560 561 3957
467 471 3958
746 751 3959
545 547 3960
527 528 3961
771 776 3962
739 768 3963
567 572 3964
677 680 3965
503 507 3966
516 519 3967
758 762 3968
716 721 3969
519 523 3970
532 534 3971
754 757 3972
477 479 3973
580 583 3974
504 507 3975
699 704 3976
430 432 3977
514 515 3978
577 578 3979
459 461 3980
437 438 3981
482 484 3982
566 570 3983
635 636 3984
550 553 3985
434 435 3986
461 466 3987
572 574 3988
609 611 3989
616 618 3990
719 722 3991
547 552 3992
409 411 3993
472 474 3994
665 666 3995
491 492 3996
465 470 3997
449 452 3998
576 579 3999
759 761 4000
859 982 4001
978 982 4002
980 982 4003
981 982 4004
982 983 4005
982 984 4006
982 985 4007
982 986 4008
855 859 4009
856 859 4010
857 859 4011
858 859 4012
859 861 4013
859 862 4014
859 863 4015
974 978 4016
975 978 4017
976 978 4018
977 978 4019
978 979 4020
983 987 4021
940 984 4022
984 988 4023
985 989 4024
986 990 4025
851 855 4026
853 855 4027
854 855 4028
856 860 4029
861 864 4030
861 865 4031
862 866 4032
862 871 4033
862 874 4034
862 927 4035
863 867 4036
912 974 4037
970 974 4038
971 974 4039
972 974 4040
973 974 4041
852 975 4042
822 979 4043
987 991 4044
936 940 4045
937 940 4046
938 940 4047
939 940 4048
940 941 4049
940 942 4050
940 943 4051
988 992 4052
989 993 4053
990 994 4054
990 997 4055
847 851 4056
848 851 4057
849 851 4058
850 851 4059
851 996 4060
833 853 4061
864 868 4062
865 869 4063
866 870 4064
871 872 4065
871 873 4066
871 875 4067
874 877 4068
874 878 4069
923 927 4070
925 927 4071
926 927 4072
927 928 4073
927 929 4074
927 930 4075
927 931 4076
867 962 4077
908 912 4078
909 912 4079
910 912 4080
911 912 4081
912 913 4082
912 914 4083
912 916 4084
966 970 4085
967 970 4086
968 970 4087
969 970 4088
901 973 4089
806 852 4090
818 822 4091
819 822 4092
820 822 4093
821 822 4094
822 823 4095
822 824 4096
822 825 4097
822 826 4098
991 995 4099
932 936 4100
933 936 4101
934 936 4102
935 936 4103
941 944 4104
941 945 4105
942 946 4106
943 947 4107
943 963 4108
965 994 4109
994 998 4110
800 997 4111
801 997 4112
997 999 4113
843 847 4114
844 847 4115
845 847 4116
846 847 4117
828 849 4118
849 903 4119
829 833 4120
830 833 4121
831 833 4122
832 833 4123
833 835 4124
833 836 4125
833 837 4126
868 894 4127
872 876 4128
809 873 4129
875 879 4130
877 880 4131
877 881 4132
878 882 4133
919 923 4134
920 923 4135
921 923 4136
922 923 4137
923 924 4138
958 962 4139
959 962 4140
960 962 4141
961 962 4142
962 964 4143
904 908 4144
905 908 4145
906 908 4146
907 908 4147
911 915 4148
913 917 4149
914 918 4150
914 952 4151
949 966 4152
895 969 4153
897 901 4154
898 901 4155
899 901 4156
900 901 4157
901 902 4158
802 806 4159
803 806 4160
804 806 4161
805 806 4162
806 807 4163
806 808 4164
806 810 4165
814 818 4166
815 818 4167
816 818 4168
817 818 4169
823 827 4170
884 933 4171
889 934 4172
944 948 4173
885 945 4174
946 950 4175
947 951 4176
839 843 4177
840 843 4178
841 843 4179
842 843 4180
830 834 4181
835 838 4182
890 894 4183
891 894 4184
892 894 4185
893 894 4186
894 896 4187
809 812 4188
809 813 4189
879 883 4190
882 886 4191
954 958 4192
955 958 4193
956 958 4194
957 958 4195
811 952 4196
952 953 4197
884 887 4198
884 888 4199
817 819 4200
839 842 4201
810 813 4202
816 820 4203
811 812 4204
823 825 4205
920 922 4206
806 868 4207
910 911 4208
832 834 4209
881 885 4210
868 871 4211
984 987 4212
805 807 4213
916 919 4214
966 967 4215
957 960 4216
869 872 4217
840 841 4218
904 906 4219
827 831 4220
837 841 4221
817 820 4222
913 914 4223
832 836 4224
923 925 4225
970 972 4226
921 924 4227
907 910 4228
922 926 4229
965 968 4230
949 952 4231
958 959 4232
900 904 4233
850 853 4234
907 909 4235
970 973 4236
801 804 4237
838 841 4238
913 915 4239
949 951 4240
889 893 4241
801 922 4242
873 876 4243
983 985 4244
926 930 4245
894 898 4246
916 920 4247
803 804 4248
905 906 4249
878 880 4250
995 997 4251
915 916 4252
852 854 4253
834 838 4254
935 939 4255
828 831 4256
842 844 4257
843 846 4258
844 848 4259
820 824 4260
915 917 4261
861 862 4262
865 867 4263
815 817 4264
992 996 4265
858 861 4266
898 902 4267
956 960 4268
903 905 4269
854 912 4270
807 811 4271
955 957 4272
824 826 4273
980 983 4274
844 846 4275
984 985 4276
821 825 4277
939 941 4278
817 821 4279
858 862 4280
948 951 4281
832 835 4282
889 890 4283
819 823 4284
976 980 4285
877 878 4286
920 921 4287
803 805 4288
804 808 4289
987 989 4290
926 929 4291
818 819 4292
924 926 4293
818 820 4294
957 961 4295
955 959 4296
921 922 4297
808 811 4298
966 969 4299
837 967 4300
870 874 4301
810 812 4302
895 896 4303
840 842 4304
841 842 4305
862 863 4306
894 897 4307
849 852 4308
892 895 4309
897 900 4310
802 999 4311
810 811 4312
886 887 4313
825 828 4314
824 825 4315
978 981 4316
916 917 4317
900 902 4318
874 875 4319
929 932 4320
847 848 4321
959 961 4322
930 933 4323
831 832 4324
875 878 4325
950 953 4326
988 989 4327
931 935 4328
855 856 4329
828 830 4330
954 957 4331
992 993 4332
987 988 4333
855 858 4334
827 829 4335
986 988 4336
816 817 4337
953 955 4338
827 830 4339
961 965 4340
880 882 4341
944 947 4342
830 831 4343
866 868 4344
823 826 4345
930 934 4346
967 971 4347
917 919 4348
978 980 4349
971 973 4350
824 827 4351
972 973 4352
883 887 4353
986 989 4354
881 884 4355
820 821 4356
939 943 4357
909 913 4358
857 858 4359
981 983 4360
945 947 4361
934 937 4362
962 963 4363
931 932 4364
856 857 4365
919 921 4366
948 952 4367
853 857 4368
926 928 4369
875 876 4370
914 924 4371
966 968 4372
872 873 4373
879 882 4374
845 848 4375
902 903 4376
887 888 4377
962 965 4378
914 916 4379
839 841 4380
938 939 4381
910 914 4382
888 891 4383
980 984 4384
933 934 4385
945 949 4386
904 907 4387
919 922 4388
890 892 4389
848 993 4390
969 971 4391
946 949 4392
883 884 4393
810 814 4394
813 817 4395
886 890 4396
835 839 4397
961 963 4398
996 999 4399
842 846 4400
993 996 4401
880 883 4402
896 899 4403
915 919 4404
908 911 4405
829 832 4406
947 948 4407
972 976 4408
844 845 4409
953 954 4410
845 846 4411
977 981 4412
826 827 4413
884 886 4414
911 913 4415
990 991 4416
801 964 4417
811 814 4418
893 897 4419
967 969 4420
866 869 4421
818 821 4422
932 935 4423
942 945 4424
869 873 4425
864 865 4426
838 839 4427
869 871 4428
994 997 4429
928 931 4430
892 896 4431
946 948 4432
846 849 4433
807 808 4434
973 975 4435
889 892 4436
825 827 4437
882 885 4438
929 930 4439
965 969 4440
875 877 4441
964 968 4442
865 866 4443
985 986 4444
901 905 4445
979 983 4446
896 898 4447
801 998 4448
961 964 4449
951 952 4450
839 840 4451
809 810 4452
959 960 4453
800 996 4454
897 898 4455
800 998 4456
909 910 4457
944 945 4458
960 963 4459
815 816 4460
937 941 4461
906 909 4462
834 835 4463
993 995 4464
858 860 4465
896 897 4466
903 904 4467
888 892 4468
895 898 4469
995 999 4470
955 956 4471
916 918 4472
847 850 4473
979 981 4474
891 895 4475
854 856 4476
933 937 4477
932 933 4478
878 881 4479
843 844 4480
989 990 4481
937 939 4482
848 850 4483
995 996 4484
902 905 4485
807 810 4486
931 934 4487
823 830 4488
904 905 4489
983 984 4490
922 925 4491
813 816 4492
924 925 4493
973 976 4494
944 946 4495
849 853 4496
917 918 4497
838 840 4498
935 937 4499
894 895 4500
974 977 4501
812 813 4502
829 831 4503
948 950 4504
917 921 4505
873 877 4506
941 942 4507
816 819 4508
928 929 4509
970 971 4510
898 899 4511
887 891 4512
914 915 4513
991 992 4514
996 998 4515
827 828 4516
880 884 4517
977 980 4518
949 999 4519
815 819 4520
851 854 4521
860 862 4522
836 840 4523
872 875 4524
853 854 4525
969 973 4526
990 993 4527
963 964 4528
988 990 4529
969 972 4530
814 817 4531
963 966 4532
851 853 4533
831 835 4534
975 976 4535
910 913 4536
974 976 4537
802 933 4538
975 977 4539
850 852 4540
979 980 4541
951 955 4542
911 914 4543
954 955 4544
903 907 4545
950 951 4546
990 992 4547
891 898 4548
946 947 4549
888 889 4550
885 889 4551
819 821 4552
801 802 4553
865 868 4554
802 805 4555
960 964 4556
892 893 4557
870 873 4558
935 938 4559
800 802 4560
841 845 4561
953 957 4562
991 994 4563
861 863 4564
863 865 4565
928 932 4566
823 922 4567
890 891 4568
918 921 4569
891 892 4570
958 961 4571
975 979 4572
951 954 4573
825 922 4574
901 903 4575
801 805 4576
879 880 4577
821 824 4578
873 874 4579
934 938 4580
905 907 4581
801 803 4582
836 838 4583
958 960 4584
919 920 4585
863 864 4586
952 954 4587
956 959 4588
914 917 4589
836 839 4590
929 933 4591
834 837 4592
994 995 4593
964 967 4594
937 938 4595
846 850 4596
882 883 4597
866 867 4598
835 836 4599
998 999 4600
908 910 4601
947 949 4602
941 943 4603
803 807 4604
840 844 4605
965 967 4606
950 954 4607
882 884 4608
867 870 4609
811 815 4610
869 870 4611
918 919 4612
806 809 4613
893 895 4614
992 994 4615
932 934 4616
962 966 4617
945 946 4618
881 883 4619
835 837 4620
989 992 4621
872 874 4622
890 893 4623
909 911 4624
988 991 4625
814 955 4626
939 942 4627
871 874 4628
808 812 4629
813 815 4630
905 909 4631
981 984 4632
885 886 4633
963 965 4634
857 861 4635
954 956 4636
813 890 4637
971 975 4638
928 930 4639
841 844 4640
812 816 4641
895 899 4642
881 882 4643
845 849 4644
870 871 4645
960 961 4646
888 890 4647
930 932 4648
853 856 4649
856 858 4650
857 860 4651
803 999 4652
805 808 4653
945 948 4654
931 933 4655
950 952 4656
957 959 4657
800 803 4658
974 975 4659
925 926 4660
863 866 4661
936 939 4662
913 916 4663
901 904 4664
908 909 4665
876 877 4666
826 830 4667
943 946 4668
812 814 4669
804 805 4670
808 809 4671
918 920 4672
854 857 4673
851 852 4674
917 948 4675
876 878 4676
805 809 4677
812 815 4678
925 928 4679
972 975 4680
824 828 4681
872 965 4682
864 867 4683
929 931 4684
887 889 4685
836 837 4686
886 888 4687
968 972 4688
860 864 4689
802 998 4690
964 966 4691
834 836 4692
993 994 4693
977 979 4694
942 944 4695
826 828 4696
947 950 4697
984 986 4698
907 911 4699
847 849 4700
885 888 4701
968 971 4702
821 823 4703
800 804 4704
889 891 4705
991 993 4706
849 850 4707
867 869 4708
855 857 4709
938 942 4710
826 829 4711
900 903 4712
864 866 4713
920 924 4714
923 926 4715
820 823 4716
930 931 4717
876 880 4718
967 968 4719
898 900 4720
985 987 4721
915 918 4722
976 979 4723
819 820 4724
802 921 4725
804 807 4726
976 977 4727
906 910 4728
886 889 4729
811 813 4730
983 986 4731
899 902 4732
980 981 4733
843 845 4734
829 830 4735
879 881 4736
870 872 4737
852 853 4738
992 995 4739
968 969 4740
825 826 4741
902 904 4742
877 879 4743
971 972 4744
887 890 4745
906 907 4746
897 899 4747
925 929 4748
917 920 4749
801 999 4750
876 879 4751
807 809 4752
902 906 4753
981 985 4754
804 924 4755
936 937 4756
883 886 4757
959 963 4758
956 957 4759
831 834 4760
828 829 4761
943 945 4762
868 870 4763
842 845 4764
985 988 4765
989 991 4766
938 941 4767
942 943 4768
873 875 4769
880 881 4770
808 810 4771
800 801 4772
838 842 4773
986 987 4774
899 900 4775
810 896 4776
893 896 4777
846 848 4778
933 935 4779
987 990 4780
848 852 4781
936 938 4782
899 903 4783
848 849 4784
949 953 4785
883 885 4786
860 861 4787
860 863 4788
918 922 4789
951 953 4790
953 956 4791
878 879 4792
837 838 4793
802 803 4794
814 816 4795
867 871 4796
850 854 4797
995 998 4798
963 967 4799
837 840 4800
93 743 4801
134 517 4802
110 719 4803
562 872 4804
81 425 4805
683 821 4806
521 853 4807
427 877 4808
222 823 4809
347 709 4810
350 665 4811
302 608 4812
711 859 4813
242 751 4814
155 623 4815
700 977 4816
736 901 4817
719 820 4818
713 959 4819
383 432 4820
764 810 4821
416 839 4822
714 936 4823
78 661 4824
334 901 4825
575 999 4826
66 914 4827
428 959 4828
114 869 4829
716 837 4830
46 647 4831
602 912 4832
33 633 4833
618 801 4834
208 700 4835
387 950 4836
404 880 4837
268 756 4838
717 882 4839
242 681 4840
273 712 4841
92 582 4842
261 454 4843
227 921 4844
23 681 4845
567 983 4846
163 704 4847
241 932 4848
43 609 4849
93 751 4850
208 440 4851
204 782 4852
642 960 4853
640 962 4854
8 560 4855
323 428 4856
243 753 4857
208 941 4858
252 839 4859
219 670 4860
278 596 4861
185 713 4862
36 706 4863
2 619 4864
252 478 4865
692 843 4866
384 971 4867
217 668 4868
794 985 4869
771 991 4870
234 617 4871
147 468 4872
480 930 4873
99 586 4874
219 600 4875
581 857 4876
703 973 4877
593 913 4878
2 473 4879
12 762 4880
124 512 4881
56 697 4882
263 996 4883
19 692 4884
275 529 4885
45 539 4886
361 837 4887
64 684 4888
355 780 4889
371 601 4890
384 465 4891
345 980 4892
528 912 4893
203 508 4894
37 532 4895
304 757 4896
644 997 4897
327 617 4898
572 819 4899
713 884 4900
111 897 4901
38 753 4902
367 910 4903
777 921 4904
356 484 4905
703 826 4906
414 855 4907
124 947 4908
63 544 4909
294 607 4910
274 728 4911
404 813 4912
714 887 4913
204 611 4914
350 462 4915
687 919 4916
523 998 4917
329 680 4918
177 655 4919
16 482 4920
7 627 4921
30 946 4922
42 884 4923
381 956 4924
308 956 4925
777 906 4926
54 793 4927
257 835 4928
39 481 4929
281 628 4930
195 714 4931
694 933 4932
753 947 4933
89 920 4934
538 886 4935
202 779 4936
496 987 4937
138 486 4938
568 998 4939
25 715 4940
686 866 4941
123 849 4942
370 902 4943
717 824 4944
33 799 4945
76 800 4946
450 943 4947
141 426 4948
143 463 4949
84 910 4950
633 905 4951
147 904 4952
45 761 4953
465 907 4954
344 400 4955
52 786 4956
434 982 4957
538 970 4958
293 612 4959
16 618 4960
80 613 4961
6 679 4962
294 546 4963
179 840 4964
188 425 4965
626 813 4966
386 741 4967
378 470 4968
479 869 4969
604 892 4970
313 501 4971
222 912 4972
346 600 4973
108 507 4974
74 768 4975
155 579 4976
253 521 4977
553 895 4978
93 474 4979
767 960 4980
207 672 4981
466 915 4982
85 523 4983
89 677 4984
327 419 4985
46 592 4986
160 757 4987
720 806 4988
331 781 4989
581 803 4990
87 879 4991
349 971 4992
172 969 4993
129 798 4994
554 849 4995
114 884 4996
360 658 4997
271 431 4998
539 912 4999
519 838 5000
415 895 5001
460 936 5002
138 761 5003
407 932 5004
37 975 5005
265 815 5006
233 626 5007
797 850 5008
331 727 5009
683 915 5010
21 664 5011
344 589 5012
134 437 5013
167 705 5014
396 517 5015
479 990 5016
494 878 5017
32 529 5018
51 514 5019
694 820 5020
352 439 5021
368 675 5022
655 921 5023
64 772 5024
152 932 5025
139 715 5026
210 635 5027
609 836 5028
448 844 5029
673 902 5030
98 514 5031
797 964 5032
292 978 5033
130 622 5034
133 940 5035
526 869 5036
522 935 5037
209 975 5038
330 905 5039
699 824 5040
