612 676 1
612 777 2
445 612 3
394 612 4
612 696 5
612 940 6
612 673 7
200 612 8
612 793 9
286 612 10
404 676 11
606 676 12
408 676 13
353 676 14
281 676 15
107 676 16
201 676 17
206 676 18
581 676 19
633 777 20
69 777 21
770 777 22
276 777 23
751 777 24
536 777 25
484 777 26
101 777 27
117 777 28
56 445 29
303 445 30
397 445 31
242 445 32
445 888 33
270 445 34
8 445 35
445 520 36
445 821 37
394 624 38
394 540 39
394 680 40
283 394 41
394 713 42
394 767 43
121 394 44
336 394 45
394 519 46
379 696 47
696 937 48
143 696 49
696 734 50
457 696 51
255 696 52
517 696 53
667 696 54
156 696 55
623 940 56
592 940 57
211 940 58
333 940 59
367 940 60
20 940 61
806 940 62
497 940 63
210 940 64
322 673 65
673 952 66
351 673 67
673 682 68
673 884 69
673 743 70
673 742 71
526 673 72
200 459 73
200 762 74
200 891 75
200 265 76
200 854 77
200 229 78
200 781 79
200 851 80
732 793 81
793 988 82
53 793 83
648 793 84
50 793 85
122 793 86
29 793 87
286 860 88
286 677 89
286 593 90
286 964 91
286 772 92
3 286 93
65 286 94
286 441 95
286 630 96
32 404 97
404 601 98
404 664 99
323 404 100
404 694 101
368 404 102
404 951 103
404 451 104
404 723 105
115 606 106
158 606 107
192 606 108
58 606 109
301 606 110
476 606 111
606 850 112
489 606 113
432 606 114
408 971 115
408 614 116
292 408 117
80 408 118
408 631 119
141 408 120
318 408 121
408 503 122
353 791 123
353 957 124
54 353 125
353 642 126
299 353 127
353 766 128
353 627 129
353 609 130
84 353 131
47 281 132
281 945 133
191 281 134
239 281 135
82 281 136
281 524 137
281 902 138
281 594 139
107 803 140
107 939 141
107 378 142
107 602 143
107 474 144
144 201 145
129 201 146
201 739 147
201 622 148
184 201 149
201 665 150
201 237 151
88 201 152
206 839 153
206 465 154
206 504 155
27 206 156
206 859 157
206 929 158
206 792 159
46 206 160
199 581 161
263 581 162
376 581 163
78 581 164
581 590 165
36 581 166
61 581 167
287 581 168
13 633 169
633 640 170
248 633 171
589 633 172
633 826 173
75 633 174
542 633 175
549 633 176
69 790 177
69 416 178
69 913 179
69 899 180
69 205 181
69 994 182
69 910 183
69 366 184
729 770 185
340 770 186
57 770 187
390 770 188
420 770 189
563 770 190
674 770 191
225 770 192
534 770 193
276 829 194
276 681 195
276 735 196
276 856 197
276 976 198
276 294 199
276 362 200
327 751 201
223 751 202
425 751 203
187 751 204
730 751 205
414 751 206
102 536 207
335 536 208
536 706 209
393 536 210
521 536 211
149 536 212
285 536 213
536 935 214
161 484 215
484 956 216
484 769 217
484 960 218
484 773 219
484 510 220
51 484 221
101 946 222
101 867 223
101 111 224
101 238 225
101 596 226
101 468 227
101 700 228
117 514 229
117 707 230
117 880 231
117 538 232
117 841 233
30 117 234
117 649 235
56 527 236
56 894 237
56 573 238
56 498 239
56 869 240
56 119 241
56 595 242
56 100 243
303 572 244
303 653 245
303 444 246
303 384 247
303 808 248
97 303 249
303 423 250
70 397 251
397 516 252
397 439 253
319 397 254
397 750 255
397 620 256
307 397 257
397 721 258
43 242 259
146 242 260
242 626 261
242 678 262
224 242 263
175 242 264
16 888 265
131 888 266
183 888 267
692 888 268
39 270 269
270 343 270
270 274 271
194 270 272
270 386 273
228 270 274
8 720 275
8 870 276
8 748 277
8 240 278
8 499 279
8 114 280
8 116 281
8 736 282
148 520 283
520 717 284
419 520 285
520 834 286
520 754 287
500 520 288
73 520 289
412 520 290
821 942 291
668 821 292
172 821 293
752 821 294
311 821 295
821 978 296
507 821 297
330 624 298
624 646 299
610 624 300
624 670 301
235 624 302
293 624 303
427 624 304
10 624 305
540 883 306
418 540 307
324 540 308
529 540 309
133 540 310
93 680 311
443 680 312
275 680 313
599 680 314
680 915 315
236 680 316
283 479 317
283 923 318
283 725 319
283 724 320
283 895 321
283 574 322
202 283 323
283 764 324
140 713 325
487 713 326
177 713 327
641 713 328
81 767 329
127 767 330
64 767 331
31 767 332
767 909 333
121 245 334
121 863 335
121 402 336
121 990 337
91 121 338
121 809 339
336 683 340
96 336 341
336 944 342
336 508 343
336 467 344
74 336 345
519 582 346
488 519 347
252 519 348
483 519 349
277 519 350
405 519 351
475 519 352
379 382 353
379 456 354
349 379 355
379 513 356
379 634 357
379 613 358
782 937 359
611 937 360
801 937 361
789 937 362
811 937 363
143 178 364
143 388 365
143 802 366
143 564 367
143 553 368
496 734 369
586 734 370
1 734 371
734 890 372
568 734 373
377 457 374
457 495 375
457 637 376
457 650 377
415 457 378
457 577 379
457 686 380
255 298 381
241 255 382
255 359 383
255 530 384
255 565 385
55 255 386
255 934 387
442 517 388
23 517 389
517 948 390
313 517 391
517 947 392
162 517 393
152 667 394
667 983 395
338 667 396
89 667 397
541 667 398
358 667 399
5 667 400
156 547 401
156 740 402
156 797 403
156 342 404
156 273 405
623 857 406
344 623 407
623 966 408
179 623 409
623 820 410
395 592 411
592 920 412
213 592 413
246 592 414
592 780 415
400 592 416
211 253 417
211 437 418
211 370 419
211 306 420
211 840 421
211 411 422
211 819 423
333 339 424
333 719 425
333 878 426
280 333 427
195 333 428
333 930 429
367 699 430
367 406 431
49 367 432
367 979 433
145 367 434
367 974 435
367 679 436
304 367 437
367 733 438
20 522 439
20 579 440
20 320 441
20 912 442
352 806 443
261 806 444
219 806 445
308 497 446
19 497 447
497 607 448
497 585 449
142 497 450
497 645 451
210 831 452
210 965 453
14 210 454
15 210 455
109 210 456
210 886 457
210 373 458
210 619 459
322 675 460
322 532 461
76 322 462
322 446 463
77 322 464
398 952 465
220 952 466
684 952 467
816 952 468
756 952 469
164 351 470
351 455 471
454 682 472
682 958 473
682 812 474
337 682 475
559 682 476
682 788 477
35 884 478
72 884 479
151 884 480
873 884 481
481 884 482
758 884 483
710 884 484
266 884 485
171 743 486
743 843 487
743 830 488
374 743 489
17 743 490
137 742 491
742 866 492
59 742 493
526 771 494
371 526 495
63 526 496
214 526 497
247 526 498
9 459 499
459 737 500
459 765 501
459 874 502
86 459 503
385 762 504
762 977 505
120 762 506
71 762 507
747 762 508
128 762 509
569 891 510
282 891 511
272 891 512
567 891 513
52 891 514
466 891 515
126 891 516
265 372 517
265 832 518
666 854 519
300 854 520
728 854 521
229 931 522
229 471 523
229 413 524
229 597 525
229 828 526
41 229 527
249 781 528
153 781 529
482 851 530
357 851 531
570 851 532
104 851 533
851 853 534
458 851 535
189 732 536
732 796 537
309 732 538
759 988 539
921 988 540
608 988 541
591 988 542
984 988 543
53 392 544
53 992 545
53 617 546
53 209 547
45 53 548
648 741 549
603 648 550
410 648 551
50 578 552
50 822 553
50 927 554
122 785 555
122 545 556
122 835 557
37 122 558
122 430 559
122 914 560
29 38 561
29 193 562
29 817 563
29 312 564
29 551 565
860 932 566
755 860 567
860 980 568
196 860 569
677 933 570
677 981 571
264 677 572
677 861 573
463 677 574
677 715 575
677 827 576
66 593 577
593 849 578
365 964 579
157 964 580
110 964 581
403 964 582
315 964 583
580 964 584
772 872 585
772 993 586
257 772 587
745 772 588
3 807 589
3 48 590
3 908 591
3 531 592
3 968 593
3 204 594
65 896 595
65 506 596
65 433 597
22 65 598
65 973 599
65 473 600
441 703 601
441 654 602
112 441 603
383 441 604
441 985 605
132 630 606
279 630 607
222 630 608
616 630 609
2 32 610
32 329 611
32 584 612
32 494 613
601 999 614
601 691 615
212 601 616
480 601 617
176 664 618
389 664 619
323 470 620
323 995 621
167 323 622
174 694 623
694 969 624
694 924 625
262 368 626
368 566 627
185 368 628
368 917 629
898 951 630
711 951 631
451 813 632
451 847 633
267 451 634
341 723 635
723 746 636
723 905 637
115 558 638
115 297 639
115 621 640
158 936 641
158 906 642
158 714 643
192 961 644
108 192 645
11 192 646
192 647 647
58 987 648
58 166 649
58 953 650
301 440 651
94 301 652
301 363 653
123 301 654
301 469 655
160 301 656
464 476 657
476 657 658
476 661 659
638 850 660
702 850 661
489 704 662
305 489 663
432 893 664
432 868 665
60 432 666
147 971 667
424 971 668
701 971 669
844 971 670
555 971 671
614 845 672
399 614 673
614 761 674
614 972 675
292 982 676
292 658 677
198 292 678
292 744 679
80 810 680
80 556 681
80 911 682
80 726 683
631 672 684
576 631 685
141 799 686
318 518 687
318 554 688
318 600 689
232 503 690
503 852 691
655 791 692
125 791 693
113 791 694
904 957 695
662 957 696
738 957 697
421 957 698
54 486 699
54 539 700
54 632 701
642 783 702
346 642 703
271 642 704
299 478 705
299 818 706
299 575 707
428 766 708
254 627 709
609 716 710
609 671 711
84 528 712
84 396 713
84 639 714
47 331 715
47 887 716
47 731 717
833 945 718
945 962 719
98 945 720
652 945 721
945 996 722
191 557 723
191 361 724
191 875 725
191 360 726
239 407 727
239 900 728
221 239 729
82 422 730
82 354 731
321 524 732
524 562 733
207 902 734
594 848 735
429 594 736
594 598 737
594 879 738
778 803 739
226 803 740
190 803 741
90 378 742
378 697 743
378 938 744
302 378 745
332 602 746
474 825 747
144 943 748
144 355 749
144 660 750
129 663 751
129 215 752
739 919 753
124 739 754
325 739 755
618 622 756
622 918 757
136 622 758
622 787 759
154 622 760
184 269 761
184 296 762
665 795 763
665 774 764
665 823 765
237 786 766
237 401 767
135 237 768
88 364 769
88 838 770
88 712 771
839 950 772
587 839 773
839 871 774
695 839 775
544 839 776
380 465 777
465 502 778
465 604 779
118 504 780
182 504 781
504 862 782
504 963 783
27 231 784
27 548 785
515 859 786
83 859 787
163 859 788
858 929 789
103 929 790
776 792 791
792 855 792
792 846 793
792 997 794
4 46 795
46 316 796
46 450 797
199 877 798
199 644 799
218 263 800
263 805 801
263 291 802
376 975 803
376 970 804
376 794 805
78 687 806
590 636 807
590 629 808
345 590 809
25 36 810
61 409 811
287 949 812
287 543 813
287 288 814
44 640 815
640 903 816
248 434 817
170 589 818
75 798 819
542 865 820
317 542 821
542 991 822
417 549 823
549 837 824
85 790 825
416 842 826
416 449 827
12 416 828
416 501 829
26 416 830
244 913 831
106 913 832
431 899 833
505 994 834
448 910 835
561 910 836
910 928 837
651 910 838
165 366 839
99 366 840
729 800 841
729 784 842
150 729 843
57 768 844
390 779 845
390 814 846
420 659 847
563 901 848
485 563 849
563 959 850
674 907 851
225 537 852
356 534 853
105 829 854
21 829 855
34 681 856
493 681 857
155 735 858
168 735 859
643 735 860
260 856 861
635 856 862
856 892 863
452 976 864
294 763 865
223 876 866
223 447 867
425 472 868
186 187 869
187 310 870
187 426 871
414 628 872
79 102 873
335 347 874
335 512 875
335 435 876
393 689 877
393 588 878
393 709 879
477 521 880
490 521 881
33 521 882
285 954 883
285 533 884
285 295 885
326 935 886
256 935 887
161 546 888
161 492 889
268 769 890
230 960 891
571 960 892
197 960 893
753 773 894
259 773 895
510 998 896
510 685 897
348 510 898
438 510 899
51 511 900
51 922 901
203 946 902
436 867 903
87 867 904
111 760 905
111 552 906
238 290 907
596 864 908
188 700 909
509 514 910
514 836 911
6 707 912
707 986 913
538 698 914
460 538 915
749 841 916
95 841 917
30 523 918
334 649 919
173 869 920
119 350 921
119 775 922
119 134 923
100 757 924
572 688 925
572 881 926
169 444 927
444 615 928
18 444 929
384 605 930
97 560 931
423 535 932
423 693 933
70 491 934
208 516 935
439 461 936
620 804 937
0 678 938
678 708 939
175 625 940
131 916 941
42 131 942
692 967 943
274 656 944
194 955 945
217 228 946
375 870 947
870 941 948
748 926 949
240 289 950
240 391 951
233 240 952
114 258 953
139 717 954
68 419 955
328 834 956
73 897 957
73 251 958
40 412 959
669 752 960
330 525 961
284 646 962
381 646 963
181 610 964
670 705 965
670 885 966
216 883 967
418 722 968
418 815 969
324 925 970
227 529 971
7 915 972
764 882 973
62 140 974
177 243 975
28 127 976
31 92 977
180 909 978
245 690 979
24 809 980
67 809 981
467 989 982
387 488 983
462 488 984
130 277 985
250 456 986
278 782 987
369 553 988
241 550 989
530 718 990
159 530 991
314 565 992
338 453 993
358 824 994
138 547 995
234 974 996
583 974 997
579 889 998
727 872 999
68 332 1000
897 938 1001
906 927 1002
124 230 1003
51 263 1004
957 972 1005
43 874 1006
766 974 1007
532 634 1008
414 965 1009
204 523 1010
611 951 1011
391 798 1012
857 956 1013
424 583 1014
413 629 1015
597 790 1016
264 401 1017
378 648 1018
228 843 1019
235 969 1020
142 488 1021
9 706 1022
899 992 1023
337 721 1024
215 477 1025
175 323 1026
252 816 1027
292 720 1028
385 529 1029
395 836 1030
551 637 1031
68 658 1032
476 679 1033
547 564 1034
234 812 1035
459 645 1036
162 278 1037
70 468 1038
94 182 1039
393 981 1040
257 848 1041
741 771 1042
189 261 1043
769 895 1044
177 273 1045
354 700 1046
661 846 1047
618 892 1048
76 756 1049
413 577 1050
5 632 1051
462 571 1052
351 479 1053
568 710 1054
203 456 1055
372 577 1056
152 341 1057
387 934 1058
179 436 1059
844 925 1060
750 752 1061
426 699 1062
207 305 1063
75 730 1064
396 966 1065
147 794 1066
384 644 1067
831 863 1068
190 231 1069
444 749 1070
347 712 1071
371 561 1072
50 366 1073
351 589 1074
624 673 1075
690 812 1076
480 488 1077
583 657 1078
373 391 1079
106 544 1080
467 614 1081
658 978 1082
485 588 1083
525 816 1084
6 364 1085
296 565 1086
31 573 1087
179 738 1088
565 703 1089
52 415 1090
132 824 1091
773 918 1092
325 544 1093
599 857 1094
104 989 1095
449 862 1096
159 374 1097
598 661 1098
569 813 1099
39 769 1100
89 799 1101
236 433 1102
17 925 1103
76 715 1104
300 730 1105
237 292 1106
203 488 1107
603 957 1108
532 658 1109
320 915 1110
425 778 1111
24 943 1112
36 103 1113
99 997 1114
562 995 1115
24 815 1116
686 869 1117
600 764 1118
441 978 1119
95 259 1120
346 730 1121
241 778 1122
325 800 1123
89 174 1124
628 654 1125
295 473 1126
564 823 1127
327 631 1128
29 666 1129
114 478 1130
375 512 1131
224 515 1132
1 98 1133
510 734 1134
20 553 1135
266 583 1136
90 241 1137
190 421 1138
303 333 1139
275 629 1140
59 761 1141
574 896 1142
221 442 1143
24 35 1144
514 702 1145
338 356 1146
248 670 1147
608 665 1148
79 126 1149
148 155 1150
136 168 1151
410 950 1152
557 573 1153
305 491 1154
413 625 1155
128 164 1156
11 72 1157
225 723 1158
829 857 1159
814 817 1160
234 687 1161
84 189 1162
199 968 1163
52 941 1164
162 330 1165
130 908 1166
535 917 1167
757 789 1168
19 467 1169
233 605 1170
764 837 1171
194 455 1172
731 737 1173
360 825 1174
99 912 1175
347 502 1176
96 637 1177
75 476 1178
319 908 1179
68 760 1180
6 245 1181
36 496 1182
70 447 1183
304 407 1184
148 475 1185
316 387 1186
172 665 1187
312 902 1188
68 259 1189
15 272 1190
138 246 1191
381 543 1192
183 427 1193
247 640 1194
534 771 1195
127 145 1196
107 283 1197
701 880 1198
270 767 1199
480 570 1200
636 760 1201
955 968 1202
555 946 1203
495 505 1204
731 979 1205
123 238 1206
180 268 1207
40 903 1208
634 868 1209
538 558 1210
251 422 1211
627 638 1212
240 825 1213
47 312 1214
83 373 1215
471 998 1216
168 721 1217
147 757 1218
652 935 1219
232 311 1220
116 307 1221
93 959 1222
250 551 1223
168 679 1224
423 970 1225
302 454 1226
468 678 1227
529 658 1228
103 505 1229
304 934 1230
140 282 1231
586 708 1232
2 469 1233
135 644 1234
113 244 1235
150 395 1236
753 800 1237
628 776 1238
369 838 1239
607 909 1240
791 861 1241
874 947 1242
268 760 1243
509 584 1244
481 823 1245
797 986 1246
559 723 1247
196 298 1248
109 924 1249
174 374 1250
291 784 1251
58 84 1252
771 862 1253
794 921 1254
40 752 1255
256 701 1256
868 959 1257
221 341 1258
585 731 1259
25 603 1260
670 847 1261
81 939 1262
11 430 1263
156 946 1264
370 502 1265
41 567 1266
608 956 1267
63 96 1268
193 249 1269
429 998 1270
172 357 1271
7 873 1272
62 802 1273
473 546 1274
42 815 1275
371 968 1276
383 689 1277
631 732 1278
325 805 1279
238 344 1280
564 587 1281
911 947 1282
756 871 1283
297 956 1284
697 938 1285
672 880 1286
549 728 1287
269 613 1288
855 996 1289
193 643 1290
74 664 1291
44 119 1292
500 811 1293
16 120 1294
365 507 1295
350 555 1296
98 313 1297
119 993 1298
266 406 1299
652 931 1300
472 960 1301
67 619 1302
806 990 1303
698 871 1304
463 527 1305
154 687 1306
660 923 1307
432 620 1308
171 668 1309
462 901 1310
146 983 1311
620 914 1312
288 963 1313
346 573 1314
258 271 1315
349 910 1316
155 543 1317
562 987 1318
669 868 1319
575 709 1320
165 412 1321
423 601 1322
842 857 1323
348 824 1324
593 860 1325
37 366 1326
139 429 1327
254 289 1328
360 572 1329
620 628 1330
43 407 1331
86 724 1332
144 649 1333
43 370 1334
390 412 1335
203 410 1336
59 664 1337
582 667 1338
295 714 1339
222 594 1340
433 708 1341
920 934 1342
70 449 1343
692 984 1344
68 267 1345
487 797 1346
543 950 1347
121 237 1348
425 855 1349
5 711 1350
304 915 1351
779 830 1352
904 998 1353
630 694 1354
49 372 1355
112 474 1356
208 868 1357
7 916 1358
413 809 1359
687 689 1360
216 344 1361
15 931 1362
692 820 1363
454 743 1364
17 787 1365
294 780 1366
486 684 1367
736 869 1368
753 942 1369
460 800 1370
12 518 1371
697 926 1372
846 989 1373
649 986 1374
321 890 1375
695 761 1376
539 992 1377
71 130 1378
161 826 1379
476 870 1380
591 897 1381
22 95 1382
113 828 1383
487 994 1384
311 739 1385
347 911 1386
719 943 1387
546 797 1388
160 987 1389
481 646 1390
223 809 1391
841 914 1392
7 849 1393
79 953 1394
7 271 1395
433 485 1396
573 933 1397
60 683 1398
94 632 1399
73 968 1400
511 974 1401
668 675 1402
569 761 1403
262 834 1404
167 217 1405
453 575 1406
209 625 1407
308 406 1408
302 320 1409
516 646 1410
127 641 1411
478 919 1412
154 539 1413
750 826 1414
441 984 1415
660 878 1416
407 985 1417
660 970 1418
328 881 1419
280 511 1420
253 551 1421
244 252 1422
111 309 1423
317 712 1424
239 960 1425
208 345 1426
105 481 1427
449 796 1428
183 299 1429
461 961 1430
481 878 1431
11 780 1432
33 295 1433
333 589 1434
481 579 1435
105 181 1436
440 602 1437
114 837 1438
0 64 1439
507 984 1440
649 832 1441
239 755 1442
226 273 1443
454 823 1444
523 862 1445
4 361 1446
602 910 1447
130 643 1448
94 130 1449
890 936 1450
407 753 1451
585 867 1452
135 243 1453
196 717 1454
21 310 1455
196 799 1456
112 140 1457
38 264 1458
271 402 1459
316 570 1460
80 122 1461
605 912 1462
487 842 1463
243 639 1464
924 968 1465
685 985 1466
23 992 1467
434 529 1468
611 939 1469
264 347 1470
180 919 1471
287 569 1472
213 366 1473
607 816 1474
170 747 1475
105 562 1476
337 358 1477
153 909 1478
59 218 1479
746 847 1480
158 372 1481
784 852 1482
135 481 1483
50 867 1484
255 750 1485
226 234 1486
108 193 1487
131 470 1488
219 542 1489
410 836 1490
177 509 1491
794 903 1492
247 923 1493
55 447 1494
118 727 1495
3 609 1496
477 574 1497
611 877 1498
233 371 1499
199 844 1500
96 847 1501
137 238 1502
91 225 1503
418 901 1504
249 724 1505
392 814 1506
448 825 1507
126 496 1508
246 737 1509
1 797 1510
44 530 1511
958 979 1512
290 637 1513
858 966 1514
889 996 1515
67 356 1516
656 827 1517
10 45 1518
100 359 1519
30 55 1520
528 921 1521
47 479 1522
789 887 1523
454 593 1524
475 944 1525
371 717 1526
633 767 1527
185 427 1528
26 398 1529
416 418 1530
823 985 1531
672 804 1532
594 647 1533
84 808 1534
387 858 1535
243 757 1536
128 933 1537
265 307 1538
81 418 1539
300 339 1540
236 530 1541
423 907 1542
438 555 1543
48 119 1544
657 838 1545
310 637 1546
273 462 1547
492 695 1548
656 705 1549
204 650 1550
298 630 1551
613 856 1552
362 603 1553
103 422 1554
10 37 1555
512 858 1556
759 864 1557
417 973 1558
116 794 1559
361 509 1560
296 324 1561
760 799 1562
6 761 1563
558 895 1564
230 275 1565
166 349 1566
49 354 1567
226 672 1568
161 978 1569
262 899 1570
359 725 1571
207 483 1572
824 847 1573
939 942 1574
560 726 1575
194 822 1576
156 909 1577
297 386 1578
480 769 1579
18 309 1580
431 470 1581
214 736 1582
149 709 1583
567 996 1584
319 561 1585
277 409 1586
768 836 1587
419 730 1588
798 944 1589
465 549 1590
421 586 1591
595 864 1592
718 857 1593
737 973 1594
261 959 1595
616 628 1596
651 658 1597
461 469 1598
802 811 1599
279 669 1600
164 546 1601
13 455 1602
275 845 1603
434 820 1604
622 812 1605
478 491 1606
314 461 1607
431 917 1608
725 970 1609
595 951 1610
631 863 1611
133 374 1612
267 317 1613
300 654 1614
558 609 1615
298 387 1616
699 774 1617
73 524 1618
555 874 1619
545 826 1620
39 76 1621
681 977 1622
256 495 1623
302 750 1624
73 816 1625
127 166 1626
461 545 1627
4 999 1628
174 659 1629
533 953 1630
648 748 1631
363 544 1632
269 549 1633
393 813 1634
406 995 1635
366 497 1636
744 869 1637
30 805 1638
489 808 1639
141 513 1640
310 568 1641
456 607 1642
198 381 1643
914 991 1644
120 405 1645
186 683 1646
768 820 1647
321 495 1648
460 786 1649
438 464 1650
41 926 1651
368 817 1652
5 564 1653
1 297 1654
474 720 1655
140 252 1656
169 413 1657
589 710 1658
145 452 1659
365 503 1660
682 990 1661
67 533 1662
508 560 1663
225 878 1664
2 669 1665
377 544 1666
246 647 1667
9 377 1668
699 700 1669
352 578 1670
268 904 1671
722 787 1672
715 990 1673
47 109 1674
485 629 1675
35 218 1676
671 679 1677
264 961 1678
67 704 1679
824 855 1680
91 527 1681
75 587 1682
230 317 1683
74 786 1684
661 830 1685
736 744 1686
266 870 1687
186 779 1688
364 826 1689
421 453 1690
248 269 1691
697 702 1692
848 900 1693
82 236 1694
123 866 1695
71 230 1696
163 449 1697
568 719 1698
467 773 1699
21 775 1700
717 964 1701
578 818 1702
627 782 1703
162 589 1704
36 747 1705
611 739 1706
635 805 1707
691 871 1708
189 503 1709
60 554 1710
444 684 1711
83 147 1712
655 693 1713
236 699 1714
710 910 1715
516 828 1716
642 947 1717
360 375 1718
0 746 1719
156 880 1720
16 443 1721
214 803 1722
466 511 1723
725 832 1724
128 256 1725
903 979 1726
744 985 1727
363 995 1728
297 653 1729
157 765 1730
753 918 1731
478 692 1732
60 139 1733
11 924 1734
344 692 1735
422 543 1736
79 111 1737
22 939 1738
368 791 1739
7 925 1740
382 819 1741
447 651 1742
600 927 1743
296 811 1744
307 711 1745
277 328 1746
41 167 1747
567 657 1748
151 785 1749
799 861 1750
244 381 1751
712 760 1752
643 746 1753
615 837 1754
215 969 1755
464 527 1756
296 893 1757
110 170 1758
399 912 1759
341 968 1760
148 919 1761
295 722 1762
512 756 1763
205 756 1764
238 721 1765
372 701 1766
701 873 1767
81 885 1768
192 223 1769
641 763 1770
106 872 1771
120 697 1772
249 384 1773
197 864 1774
892 922 1775
783 809 1776
79 809 1777
551 817 1778
100 753 1779
124 341 1780
123 899 1781
18 39 1782
355 553 1783
104 146 1784
464 655 1785
208 275 1786
302 815 1787
458 483 1788
126 458 1789
165 807 1790
230 315 1791
599 713 1792
10 30 1793
466 975 1794
44 890 1795
655 996 1796
724 755 1797
827 914 1798
34 326 1799
319 537 1800
177 790 1801
378 554 1802
388 850 1803
272 482 1804
400 419 1805
571 596 1806
232 505 1807
277 881 1808
143 301 1809
263 821 1810
506 989 1811
398 923 1812
524 547 1813
125 203 1814
216 296 1815
15 936 1816
798 905 1817
71 74 1818
436 848 1819
773 808 1820
490 863 1821
615 900 1822
162 833 1823
551 849 1824
578 950 1825
125 773 1826
126 474 1827
71 194 1828
584 820 1829
204 903 1830
80 741 1831
420 579 1832
190 878 1833
468 933 1834
75 712 1835
418 936 1836
277 705 1837
217 271 1838
90 434 1839
52 868 1840
125 894 1841
369 710 1842
137 835 1843
159 348 1844
205 860 1845
14 835 1846
30 346 1847
227 704 1848
227 662 1849
275 451 1850
79 710 1851
186 500 1852
24 464 1853
291 523 1854
420 733 1855
232 386 1856
120 236 1857
475 554 1858
706 731 1859
521 778 1860
244 740 1861
86 997 1862
306 752 1863
252 963 1864
219 648 1865
49 145 1866
97 869 1867
639 783 1868
560 634 1869
165 896 1870
228 866 1871
140 572 1872
314 629 1873
250 636 1874
62 628 1875
898 954 1876
646 749 1877
209 216 1878
45 125 1879
414 442 1880
605 997 1881
89 439 1882
482 966 1883
222 690 1884
137 788 1885
249 851 1886
718 719 1887
222 396 1888
302 559 1889
102 857 1890
155 645 1891
778 941 1892
653 827 1893
267 685 1894
347 711 1895
204 715 1896
289 890 1897
571 843 1898
279 960 1899
641 702 1900
165 434 1901
955 973 1902
231 405 1903
866 979 1904
208 725 1905
45 900 1906
875 926 1907
39 124 1908
123 209 1909
155 730 1910
144 530 1911
153 339 1912
53 803 1913
515 867 1914
22 617 1915
561 948 1916
342 566 1917
661 892 1918
146 628 1919
618 634 1920
347 586 1921
697 846 1922
76 382 1923
931 956 1924
326 833 1925
450 893 1926
383 452 1927
269 440 1928
478 800 1929
304 776 1930
558 668 1931
422 883 1932
636 931 1933
250 879 1934
13 575 1935
284 954 1936
250 512 1937
475 933 1938
39 588 1939
185 234 1940
289 582 1941
475 917 1942
401 833 1943
616 818 1944
36 733 1945
637 806 1946
315 924 1947
87 135 1948
386 864 1949
430 539 1950
61 899 1951
774 974 1952
539 796 1953
269 438 1954
138 435 1955
401 899 1956
373 588 1957
690 967 1958
263 265 1959
569 776 1960
46 463 1961
191 457 1962
173 688 1963
510 995 1964
361 720 1965
461 726 1966
652 831 1967
722 819 1968
308 811 1969
168 649 1970
647 921 1971
294 682 1972
285 351 1973
336 609 1974
293 665 1975
560 666 1976
469 585 1977
630 785 1978
273 311 1979
644 741 1980
28 486 1981
87 493 1982
222 664 1983
73 128 1984
467 747 1985
346 962 1986
700 807 1987
219 569 1988
840 914 1989
709 935 1990
339 447 1991
337 878 1992
719 924 1993
160 776 1994
102 886 1995
279 637 1996
178 864 1997
193 442 1998
402 458 1999
579 729 2000
859 910 2001
176 733 2002
181 655 2003
328 478 2004
693 802 2005
171 599 2006
464 492 2007
159 651 2008
123 658 2009
304 483 2010
41 163 2011
550 852 2012
756 781 2013
49 138 2014
263 279 2015
517 538 2016
953 986 2017
293 422 2018
355 616 2019
226 845 2020
720 996 2021
102 619 2022
95 708 2023
221 512 2024
428 553 2025
328 758 2026
97 988 2027
501 626 2028
642 746 2029
205 742 2030
16 541 2031
351 816 2032
5 182 2033
176 533 2034
388 508 2035
36 687 2036
14 113 2037
324 444 2038
18 430 2039
54 830 2040
582 961 2041
388 720 2042
559 643 2043
27 985 2044
227 280 2045
222 479 2046
58 156 2047
50 611 2048
160 447 2049
19 122 2050
326 446 2051
1 45 2052
173 984 2053
396 731 2054
241 992 2055
131 575 2056
506 982 2057
495 755 2058
208 454 2059
440 701 2060
10 396 2061
177 266 2062
63 788 2063
541 724 2064
181 355 2065
136 895 2066
500 618 2067
235 954 2068
226 661 2069
753 780 2070
97 604 2071
143 451 2072
11 340 2073
694 956 2074
824 905 2075
33 779 2076
250 259 2077
144 145 2078
613 883 2079
376 680 2080
34 995 2081
449 473 2082
391 576 2083
544 880 2084
166 837 2085
570 948 2086
11 94 2087
173 795 2088
110 587 2089
130 784 2090
37 412 2091
605 737 2092
646 658 2093
139 787 2094
115 580 2095
182 339 2096
433 601 2097
785 838 2098
220 835 2099
57 680 2100
346 981 2101
64 798 2102
94 469 2103
46 609 2104
184 191 2105
43 226 2106
425 650 2107
135 358 2108
576 788 2109
127 395 2110
68 872 2111
109 257 2112
181 479 2113
560 877 2114
572 632 2115
3 797 2116
368 398 2117
71 930 2118
245 493 2119
422 473 2120
182 335 2121
184 220 2122
316 563 2123
534 576 2124
108 244 2125
309 859 2126
153 515 2127
9 603 2128
160 374 2129
560 912 2130
477 802 2131
92 709 2132
67 675 2133
105 124 2134
523 657 2135
815 873 2136
59 349 2137
312 607 2138
132 657 2139
580 665 2140
1 952 2141
53 740 2142
561 804 2143
194 199 2144
563 567 2145
832 984 2146
578 874 2147
247 920 2148
167 314 2149
849 881 2150
700 960 2151
733 972 2152
26 345 2153
240 384 2154
346 522 2155
145 980 2156
132 433 2157
61 632 2158
23 322 2159
338 896 2160
205 416 2161
342 783 2162
93 842 2163
383 918 2164
133 356 2165
359 640 2166
750 929 2167
449 801 2168
364 886 2169
796 997 2170
267 391 2171
150 659 2172
253 684 2173
349 380 2174
108 697 2175
217 392 2176
385 409 2177
302 511 2178
308 831 2179
562 619 2180
217 639 2181
317 818 2182
42 194 2183
12 705 2184
215 500 2185
278 395 2186
316 568 2187
89 184 2188
85 231 2189
97 904 2190
202 987 2191
471 605 2192
175 235 2193
659 764 2194
557 892 2195
548 950 2196
144 752 2197
29 721 2198
28 132 2199
220 829 2200
594 751 2201
734 762 2202
853 856 2203
217 334 2204
705 716 2205
127 497 2206
477 659 2207
382 615 2208
415 986 2209
170 982 2210
93 602 2211
332 515 2212
453 505 2213
118 941 2214
350 999 2215
440 935 2216
175 995 2217
17 220 2218
153 264 2219
164 407 2220
508 828 2221
436 483 2222
288 531 2223
13 237 2224
152 933 2225
0 895 2226
430 921 2227
157 235 2228
829 985 2229
48 199 2230
594 894 2231
42 525 2232
184 221 2233
149 771 2234
125 485 2235
844 931 2236
667 929 2237
454 811 2238
19 72 2239
559 822 2240
98 502 2241
91 493 2242
703 807 2243
525 993 2244
381 564 2245
615 810 2246
234 440 2247
539 984 2248
9 251 2249
4 284 2250
537 882 2251
742 976 2252
319 351 2253
451 564 2254
314 701 2255
833 863 2256
564 922 2257
22 146 2258
104 726 2259
126 385 2260
526 721 2261
65 872 2262
893 985 2263
153 571 2264
300 549 2265
106 178 2266
87 423 2267
178 244 2268
423 485 2269
284 361 2270
213 559 2271
2 372 2272
212 597 2273
625 800 2274
324 745 2275
512 868 2276
917 946 2277
636 817 2278
172 623 2279
41 641 2280
296 804 2281
511 755 2282
149 220 2283
845 869 2284
350 675 2285
105 335 2286
89 293 2287
20 944 2288
202 552 2289
470 896 2290
294 699 2291
925 959 2292
386 871 2293
572 748 2294
674 751 2295
101 627 2296
257 473 2297
19 24 2298
149 896 2299
317 974 2300
492 514 2301
147 371 2302
588 745 2303
197 388 2304
684 964 2305
563 783 2306
698 836 2307
111 604 2308
309 983 2309
460 546 2310
218 907 2311
76 251 2312
245 284 2313
264 335 2314
326 756 2315
384 808 2316
155 262 2317
62 134 2318
35 867 2319
565 642 2320
118 621 2321
112 357 2322
266 771 2323
80 739 2324
409 583 2325
136 417 2326
579 910 2327
192 327 2328
3 504 2329
245 638 2330
470 525 2331
463 840 2332
75 148 2333
639 975 2334
98 596 2335
578 637 2336
104 329 2337
9 14 2338
629 757 2339
165 685 2340
207 310 2341
610 983 2342
34 917 2343
291 699 2344
209 388 2345
895 981 2346
233 995 2347
384 986 2348
135 468 2349
686 738 2350
477 505 2351
209 859 2352
632 916 2353
274 473 2354
369 810 2355
39 370 2356
790 902 2357
654 926 2358
508 840 2359
216 875 2360
78 358 2361
738 826 2362
634 771 2363
25 582 2364
220 355 2365
812 973 2366
81 451 2367
34 77 2368
419 577 2369
454 619 2370
518 669 2371
557 641 2372
337 576 2373
538 753 2374
188 485 2375
482 717 2376
238 719 2377
81 610 2378
55 330 2379
942 949 2380
340 738 2381
325 513 2382
105 133 2383
295 785 2384
542 658 2385
102 113 2386
791 886 2387
774 883 2388
584 933 2389
179 645 2390
928 977 2391
141 586 2392
267 293 2393
825 893 2394
231 591 2395
586 892 2396
414 646 2397
44 395 2398
237 282 2399
538 555 2400
560 823 2401
324 377 2402
154 427 2403
145 745 2404
284 316 2405
218 895 2406
360 813 2407
271 857 2408
439 761 2409
189 745 2410
290 477 2411
247 786 2412
327 646 2413
187 865 2414
535 559 2415
96 977 2416
291 618 2417
893 994 2418
256 889 2419
21 566 2420
260 904 2421
553 701 2422
391 500 2423
531 615 2424
362 378 2425
472 941 2426
63 340 2427
489 755 2428
473 571 2429
106 736 2430
486 799 2431
6 722 2432
275 714 2433
243 855 2434
589 655 2435
325 499 2436
39 845 2437
712 800 2438
13 945 2439
548 788 2440
23 474 2441
165 885 2442
830 861 2443
329 763 2444
648 670 2445
602 755 2446
355 691 2447
38 131 2448
754 966 2449
60 207 2450
228 513 2451
579 698 2452
42 198 2453
169 266 2454
311 703 2455
737 798 2456
228 740 2457
52 81 2458
35 983 2459
120 174 2460
251 577 2461
383 454 2462
784 934 2463
627 683 2464
828 936 2465
105 195 2466
46 318 2467
127 722 2468
37 922 2469
305 938 2470
550 554 2471
546 942 2472
838 962 2473
258 424 2474
137 246 2475
662 747 2476
250 482 2477
172 489 2478
598 780 2479
363 802 2480
62 844 2481
38 905 2482
252 848 2483
118 706 2484
484 766 2485
534 946 2486
479 866 2487
31 301 2488
163 947 2489
651 925 2490
311 672 2491
563 902 2492
591 998 2493
307 432 2494
227 875 2495
530 728 2496
282 794 2497
588 690 2498
703 819 2499
92 273 2500
340 983 2501
422 704 2502
186 824 2503
217 236 2504
538 814 2505
306 478 2506
26 629 2507
450 541 2508
23 58 2509
573 828 2510
157 356 2511
349 625 2512
23 285 2513
575 834 2514
470 766 2515
529 547 2516
66 758 2517
600 647 2518
337 632 2519
185 607 2520
573 582 2521
531 707 2522
318 542 2523
77 759 2524
170 876 2525
261 962 2526
426 570 2527
862 981 2528
312 493 2529
406 456 2530
382 928 2531
913 983 2532
151 490 2533
152 814 2534
839 920 2535
533 718 2536
194 396 2537
839 976 2538
619 963 2539
416 958 2540
669 807 2541
118 955 2542
323 873 2543
886 975 2544
83 495 2545
437 452 2546
344 462 2547
285 390 2548
73 958 2549
326 749 2550
769 854 2551
290 724 2552
580 984 2553
386 689 2554
350 380 2555
44 571 2556
428 875 2557
12 290 2558
75 484 2559
86 903 2560
146 248 2561
831 834 2562
617 724 2563
166 387 2564
550 879 2565
337 518 2566
796 980 2567
535 866 2568
113 231 2569
420 934 2570
486 504 2571
231 492 2572
273 635 2573
455 488 2574
38 926 2575
660 675 2576
152 329 2577
95 715 2578
305 808 2579
431 570 2580
304 534 2581
161 887 2582
227 938 2583
860 942 2584
123 135 2585
112 113 2586
163 428 2587
552 936 2588
111 946 2589
228 693 2590
641 915 2591
503 762 2592
493 879 2593
54 192 2594
157 782 2595
177 829 2596
89 609 2597
27 948 2598
55 579 2599
728 897 2600
522 892 2601
804 980 2602
28 33 2603
186 714 2604
2 670 2605
235 549 2606
459 522 2607
66 269 2608
338 663 2609
690 903 2610
522 775 2611
68 501 2612
20 686 2613
34 438 2614
543 775 2615
437 807 2616
836 864 2617
21 373 2618
297 874 2619
880 915 2620
364 425 2621
114 271 2622
74 691 2623
108 522 2624
61 114 2625
150 238 2626
103 420 2627
373 403 2628
446 725 2629
48 693 2630
252 374 2631
447 901 2632
259 603 2633
395 598 2634
48 464 2635
546 599 2636
498 653 2637
121 626 2638
188 942 2639
487 619 2640
98 900 2641
128 402 2642
99 611 2643
689 812 2644
32 184 2645
509 904 2646
405 410 2647
295 649 2648
184 792 2649
949 981 2650
583 728 2651
185 856 2652
510 608 2653
259 849 2654
18 243 2655
78 957 2656
48 789 2657
63 631 2658
269 324 2659
711 875 2660
501 849 2661
60 362 2662
490 604 2663
631 666 2664
205 970 2665
185 515 2666
373 835 2667
237 273 2668
584 989 2669
177 213 2670
321 512 2671
533 736 2672
540 590 2673
180 922 2674
57 187 2675
24 257 2676
766 851 2677
731 810 2678
973 992 2679
100 311 2680
83 867 2681
840 992 2682
257 493 2683
217 958 2684
187 975 2685
339 637 2686
387 466 2687
32 131 2688
516 986 2689
513 708 2690
298 317 2691
354 424 2692
709 843 2693
44 930 2694
93 625 2695
51 466 2696
141 526 2697
703 837 2698
716 790 2699
321 474 2700
294 674 2701
315 621 2702
0 243 2703
71 698 2704
609 721 2705
74 906 2706
45 132 2707
524 613 2708
475 908 2709
463 752 2710
132 557 2711
108 675 2712
349 616 2713
790 983 2714
344 842 2715
647 779 2716
18 886 2717
399 989 2718
220 677 2719
11 377 2720
195 475 2721
452 768 2722
35 647 2723
916 981 2724
829 887 2725
713 850 2726
352 795 2727
86 297 2728
2 25 2729
247 842 2730
589 742 2731
80 146 2732
480 957 2733
241 464 2734
580 843 2735
134 914 2736
616 722 2737
564 961 2738
922 962 2739
435 775 2740
668 796 2741
461 838 2742
248 825 2743
595 621 2744
443 710 2745
243 846 2746
106 264 2747
17 882 2748
407 491 2749
256 669 2750
41 62 2751
280 426 2752
74 850 2753
529 554 2754
173 381 2755
265 752 2756
757 925 2757
61 908 2758
401 412 2759
615 955 2760
372 787 2761
233 969 2762
110 162 2763
421 905 2764
106 595 2765
684 819 2766
31 482 2767
698 795 2768
496 991 2769
613 678 2770
635 761 2771
82 617 2772
274 540 2773
172 335 2774
382 939 2775
376 400 2776
25 393 2777
223 884 2778
364 589 2779
77 954 2780
418 702 2781
650 834 2782
25 657 2783
224 651 2784
691 999 2785
171 653 2786
262 817 2787
230 987 2788
621 904 2789
268 509 2790
603 956 2791
396 936 2792
800 843 2793
427 745 2794
640 677 2795
21 369 2796
650 874 2797
8 706 2798
570 685 2799
218 414 2800
141 463 2801
213 432 2802
311 928 2803
503 944 2804
41 965 2805
495 914 2806
0 345 2807
235 931 2808
145 256 2809
125 870 2810
526 559 2811
138 203 2812
692 735 2813
190 913 2814
47 743 2815
539 932 2816
864 923 2817
726 885 2818
14 692 2819
746 979 2820
439 704 2821
472 780 2822
257 527 2823
688 920 2824
331 362 2825
193 994 2826
378 526 2827
92 475 2828
337 416 2829
506 557 2830
151 424 2831
403 630 2832
307 384 2833
4 877 2834
38 739 2835
435 530 2836
248 412 2837
14 537 2838
631 679 2839
35 556 2840
26 864 2841
48 469 2842
395 453 2843
313 877 2844
489 595 2845
196 580 2846
448 655 2847
18 71 2848
261 808 2849
161 545 2850
498 616 2851
442 579 2852
214 732 2853
261 907 2854
124 949 2855
212 293 2856
678 954 2857
334 448 2858
112 735 2859
913 950 2860
244 453 2861
254 341 2862
375 907 2863
619 850 2864
566 948 2865
464 652 2866
27 50 2867
175 421 2868
308 993 2869
705 979 2870
81 325 2871
728 831 2872
832 947 2873
226 753 2874
79 998 2875
110 795 2876
91 643 2877
712 885 2878
168 371 2879
127 494 2880
450 576 2881
108 291 2882
224 586 2883
64 901 2884
328 782 2885
40 64 2886
163 253 2887
103 297 2888
95 948 2889
66 825 2890
312 598 2891
164 180 2892
399 731 2893
277 593 2894
52 657 2895
208 597 2896
942 967 2897
370 740 2898
514 547 2899
159 417 2900
188 224 2901
50 386 2902
111 617 2903
163 313 2904
78 133 2905
172 239 2906
45 59 2907
4 530 2908
54 896 2909
374 791 2910
195 772 2911
576 599 2912
117 971 2913
296 718 2914
118 695 2915
183 970 2916
197 942 2917
92 718 2918
233 986 2919
249 818 2920
246 976 2921
13 621 2922
37 381 2923
419 962 2924
643 669 2925
691 707 2926
116 604 2927
418 461 2928
120 871 2929
410 853 2930
591 986 2931
548 747 2932
431 967 2933
469 715 2934
468 791 2935
380 615 2936
186 291 2937
319 929 2938
495 670 2939
703 841 2940
399 992 2941
883 965 2942
900 953 2943
26 574 2944
28 506 2945
795 805 2946
166 709 2947
349 916 2948
207 796 2949
373 393 2950
928 972 2951
372 720 2952
441 899 2953
389 644 2954
279 639 2955
605 675 2956
79 277 2957
253 911 2958
515 750 2959
349 732 2960
43 63 2961
359 717 2962
88 293 2963
562 830 2964
604 917 2965
222 557 2966
623 735 2967
280 442 2968
393 502 2969
85 116 2970
420 855 2971
240 379 2972
139 492 2973
417 560 2974
107 270 2975
276 592 2976
2 295 2977
522 776 2978
395 418 2979
491 804 2980
842 881 2981
51 444 2982
126 739 2983
74 456 2984
268 372 2985
678 744 2986
31 858 2987
61 305 2988
196 391 2989
232 552 2990
99 782 2991
266 393 2992
479 969 2993
39 959 2994
128 755 2995
11 141 2996
438 934 2997
241 434 2998
280 339 2999
727 787 3000
272 329 3001
384 682 3002
576 778 3003
26 307 3004
398 636 3005
247 732 3006
711 912 3007
329 902 3008
314 852 3009
17 138 3010
108 547 3011
490 847 3012
212 617 3013
319 974 3014
93 299 3015
342 944 3016
326 487 3017
871 972 3018
740 785 3019
766 859 3020
628 645 3021
28 974 3022
77 989 3023
215 956 3024
685 921 3025
87 998 3026
375 522 3027
122 468 3028
313 869 3029
647 944 3030
534 733 3031
152 614 3032
742 793 3033
2 114 3034
212 903 3035
136 315 3036
858 913 3037
389 765 3038
549 887 3039
183 543 3040
421 447 3041
143 581 3042
782 965 3043
118 835 3044
361 725 3045
832 865 3046
390 531 3047
158 261 3048
153 733 3049
690 704 3050
342 999 3051
331 625 3052
360 889 3053
300 963 3054
204 663 3055
646 850 3056
380 498 3057
233 350 3058
523 798 3059
435 529 3060
129 257 3061
78 818 3062
94 661 3063
429 720 3064
23 513 3065
375 686 3066
504 778 3067
66 882 3068
330 405 3069
82 538 3070
5 824 3071
298 470 3072
216 918 3073
480 524 3074
33 548 3075
313 668 3076
645 847 3077
444 456 3078
878 948 3079
107 281 3080
212 745 3081
238 459 3082
309 725 3083
16 321 3084
376 957 3085
862 994 3086
491 954 3087
316 556 3088
599 898 3089
102 486 3090
582 700 3091
110 944 3092
634 897 3093
439 478 3094
79 788 3095
131 763 3096
195 261 3097
19 43 3098
147 865 3099
340 919 3100
151 481 3101
172 272 3102
5 293 3103
366 410 3104
358 674 3105
642 699 3106
144 357 3107
310 931 3108
170 628 3109
926 947 3110
202 479 3111
548 551 3112
446 789 3113
527 977 3114
332 470 3115
249 918 3116
99 663 3117
396 406 3118
389 978 3119
359 887 3120
245 556 3121
446 990 3122
208 588 3123
40 124 3124
481 866 3125
521 729 3126
434 657 3127
152 660 3128
88 819 3129
168 973 3130
119 679 3131
514 548 3132
589 626 3133
25 324 3134
648 974 3135
432 458 3136
214 430 3137
31 585 3138
73 738 3139
671 886 3140
704 833 3141
919 991 3142
653 937 3143
234 827 3144
20 27 3145
315 707 3146
341 588 3147
748 977 3148
209 608 3149
607 880 3150
348 535 3151
230 703 3152
399 775 3153
251 972 3154
471 971 3155
173 221 3156
120 763 3157
690 789 3158
320 810 3159
331 825 3160
279 513 3161
417 458 3162
574 775 3163
558 574 3164
429 617 3165
106 865 3166
35 507 3167
167 392 3168
822 882 3169
240 659 3170
115 299 3171
443 879 3172
650 827 3173
298 427 3174
701 716 3175
377 803 3176
5 149 3177
289 634 3178
411 465 3179
278 836 3180
318 735 3181
640 791 3182
52 736 3183
527 907 3184
154 195 3185
574 993 3186
21 827 3187
362 966 3188
250 564 3189
322 457 3190
253 610 3191
38 901 3192
142 627 3193
77 514 3194
16 444 3195
611 915 3196
596 894 3197
227 434 3198
62 528 3199
368 909 3200
558 717 3201
811 815 3202
263 313 3203
249 654 3204
889 916 3205
305 818 3206
527 741 3207
84 609 3208
232 508 3209
26 926 3210
142 728 3211
71 569 3212
51 89 3213
44 315 3214
60 547 3215
472 488 3216
306 561 3217
7 548 3218
217 453 3219
895 999 3220
18 63 3221
319 867 3222
264 287 3223
582 822 3224
653 905 3225
343 379 3226
669 771 3227
508 699 3228
116 146 3229
134 537 3230
136 927 3231
188 823 3232
280 430 3233
350 605 3234
839 895 3235
411 923 3236
365 545 3237
822 993 3238
338 401 3239
25 77 3240
787 873 3241
207 387 3242
361 407 3243
180 920 3244
70 257 3245
348 813 3246
392 492 3247
79 654 3248
602 789 3249
454 927 3250
99 406 3251
199 463 3252
516 738 3253
174 427 3254
49 465 3255
132 355 3256
19 57 3257
330 688 3258
258 561 3259
542 888 3260
811 823 3261
450 691 3262
593 619 3263
154 693 3264
347 838 3265
469 897 3266
401 508 3267
92 636 3268
466 919 3269
115 494 3270
124 852 3271
632 906 3272
597 711 3273
460 487 3274
483 685 3275
146 653 3276
134 930 3277
48 997 3278
456 870 3279
22 58 3280
299 399 3281
462 765 3282
308 671 3283
94 656 3284
946 970 3285
208 641 3286
199 717 3287
608 774 3288
610 876 3289
258 358 3290
308 463 3291
90 958 3292
70 945 3293
178 855 3294
254 577 3295
258 403 3296
477 978 3297
666 845 3298
510 827 3299
424 466 3300
513 994 3301
409 566 3302
237 918 3303
223 415 3304
289 801 3305
288 920 3306
284 885 3307
320 829 3308
168 799 3309
189 994 3310
129 280 3311
388 473 3312
6 87 3313
326 698 3314
272 781 3315
639 717 3316
415 927 3317
197 741 3318
482 546 3319
269 453 3320
68 315 3321
398 971 3322
455 465 3323
499 747 3324
25 944 3325
400 584 3326
233 878 3327
220 977 3328
70 426 3329
491 883 3330
328 331 3331
482 930 3332
65 681 3333
573 707 3334
972 990 3335
114 357 3336
310 380 3337
917 955 3338
381 775 3339
405 584 3340
87 375 3341
342 506 3342
90 744 3343
236 401 3344
458 523 3345
21 774 3346
776 853 3347
429 912 3348
923 994 3349
137 953 3350
446 890 3351
707 765 3352
694 840 3353
433 855 3354
133 938 3355
227 660 3356
141 556 3357
20 236 3358
106 688 3359
42 591 3360
279 433 3361
684 899 3362
930 965 3363
552 876 3364
401 635 3365
868 921 3366
34 965 3367
539 871 3368
57 547 3369
198 845 3370
12 802 3371
191 713 3372
207 582 3373
4 146 3374
274 415 3375
355 528 3376
413 586 3377
565 906 3378
425 958 3379
321 471 3380
167 977 3381
280 639 3382
773 853 3383
554 989 3384
309 407 3385
558 788 3386
383 656 3387
323 584 3388
4 708 3389
452 779 3390
786 858 3391
118 436 3392
110 785 3393
165 875 3394
521 937 3395
138 525 3396
215 258 3397
267 844 3398
113 565 3399
266 435 3400
513 855 3401
443 958 3402
435 807 3403
575 755 3404
241 556 3405
587 853 3406
229 239 3407
46 499 3408
43 272 3409
671 681 3410
306 660 3411
795 815 3412
167 906 3413
180 825 3414
428 656 3415
94 377 3416
495 724 3417
228 517 3418
506 583 3419
143 976 3420
289 878 3421
158 442 3422
175 301 3423
103 733 3424
80 275 3425
262 385 3426
662 865 3427
157 894 3428
436 687 3429
157 170 3430
197 226 3431
11 909 3432
414 935 3433
54 874 3434
64 936 3435
469 635 3436
438 611 3437
36 951 3438
85 797 3439
525 992 3440
277 562 3441
278 493 3442
150 708 3443
443 898 3444
853 922 3445
316 410 3446
378 498 3447
349 518 3448
555 917 3449
49 758 3450
403 567 3451
568 759 3452
129 545 3453
51 165 3454
732 767 3455
636 843 3456
244 993 3457
84 890 3458
613 674 3459
109 959 3460
556 911 3461
319 757 3462
738 950 3463
415 435 3464
188 258 3465
128 334 3466
400 707 3467
258 846 3468
14 594 3469
706 999 3470
595 687 3471
804 922 3472
431 650 3473
163 977 3474
195 902 3475
428 961 3476
181 744 3477
145 437 3478
852 932 3479
364 871 3480
38 262 3481
55 159 3482
178 543 3483
792 834 3484
541 885 3485
531 967 3486
420 937 3487
120 302 3488
749 894 3489
327 502 3490
245 726 3491
30 164 3492
308 852 3493
251 426 3494
848 877 3495
34 295 3496
440 936 3497
296 462 3498
272 402 3499
214 428 3500
587 799 3501
109 307 3502
559 754 3503
175 187 3504
19 722 3505
927 938 3506
186 652 3507
202 925 3508
38 674 3509
115 276 3510
45 744 3511
246 333 3512
663 852 3513
380 903 3514
861 953 3515
359 601 3516
370 714 3517
139 662 3518
427 432 3519
647 833 3520
58 499 3521
109 377 3522
174 614 3523
98 532 3524
399 765 3525
259 844 3526
173 758 3527
492 616 3528
230 386 3529
128 254 3530
679 792 3531
252 679 3532
208 738 3533
215 897 3534
422 661 3535
35 973 3536
249 354 3537
10 820 3538
139 815 3539
357 427 3540
57 191 3541
29 397 3542
213 411 3543
228 826 3544
554 620 3545
343 574 3546
595 762 3547
222 672 3548
53 199 3549
300 363 3550
348 804 3551
110 783 3552
150 897 3553
352 577 3554
55 528 3555
278 463 3556
450 494 3557
403 898 3558
155 204 3559
727 955 3560
55 872 3561
153 691 3562
145 703 3563
571 578 3564
553 754 3565
906 949 3566
541 918 3567
483 971 3568
640 879 3569
490 950 3570
234 693 3571
123 489 3572
462 801 3573
95 518 3574
182 412 3575
371 891 3576
310 448 3577
332 779 3578
72 729 3579
231 414 3580
786 832 3581
803 930 3582
177 439 3583
70 961 3584
382 785 3585
541 894 3586
734 821 3587
725 873 3588
179 274 3589
671 941 3590
140 705 3591
475 494 3592
750 790 3593
57 691 3594
73 480 3595
480 892 3596
81 488 3597
183 805 3598
112 745 3599
42 763 3600
870 970 3601
435 704 3602
16 576 3603
242 536 3604
260 285 3605
599 822 3606
332 840 3607
202 425 3608
76 512 3609
177 781 3610
300 362 3611
142 622 3612
169 638 3613
385 718 3614
251 490 3615
92 267 3616
129 570 3617
374 980 3618
176 651 3619
66 93 3620
649 851 3621
662 849 3622
757 927 3623
125 380 3624
573 854 3625
175 240 3626
764 794 3627
975 982 3628
365 865 3629
158 324 3630
498 523 3631
158 568 3632
164 306 3633
309 934 3634
369 429 3635
833 912 3636
496 615 3637
189 939 3638
890 945 3639
102 254 3640
471 663 3641
159 186 3642
100 781 3643
87 746 3644
86 205 3645
651 794 3646
99 227 3647
74 901 3648
598 928 3649
952 978 3650
466 911 3651
683 702 3652
42 354 3653
357 931 3654
295 709 3655
366 831 3656
98 185 3657
580 587 3658
222 951 3659
128 214 3660
315 632 3661
34 274 3662
585 692 3663
221 697 3664
12 529 3665
97 354 3666
167 626 3667
556 685 3668
541 805 3669
115 675 3670
363 838 3671
668 723 3672
96 848 3673
711 876 3674
419 552 3675
597 663 3676
415 513 3677
741 989 3678
500 719 3679
591 634 3680
92 708 3681
291 761 3682
203 584 3683
42 232 3684
213 943 3685
583 703 3686
406 436 3687
87 928 3688
560 889 3689
67 219 3690
430 505 3691
1 433 3692
687 733 3693
535 838 3694
180 858 3695
23 448 3696
308 960 3697
31 46 3698
747 885 3699
334 970 3700
654 876 3701
318 745 3702
298 765 3703
590 835 3704
46 86 3705
43 795 3706
863 939 3707
364 500 3708
391 897 3709
141 540 3710
40 528 3711
683 834 3712
406 675 3713
107 860 3714
627 740 3715
222 533 3716
305 471 3717
590 978 3718
620 805 3719
186 302 3720
149 877 3721
150 580 3722
202 862 3723
403 958 3724
619 715 3725
132 429 3726
362 551 3727
7 885 3728
371 509 3729
537 935 3730
388 575 3731
360 591 3732
786 844 3733
228 729 3734
485 943 3735
608 622 3736
504 854 3737
294 928 3738
42 712 3739
55 385 3740
275 360 3741
214 804 3742
15 997 3743
136 904 3744
542 668 3745
969 976 3746
58 238 3747
511 862 3748
802 806 3749
483 601 3750
686 783 3751
148 469 3752
617 965 3753
453 819 3754
170 872 3755
544 684 3756
164 561 3757
801 904 3758
0 116 3759
142 446 3760
674 780 3761
96 343 3762
398 924 3763
218 223 3764
159 246 3765
265 414 3766
625 689 3767
801 908 3768
672 727 3769
28 428 3770
279 645 3771
436 816 3772
358 790 3773
189 434 3774
375 784 3775
308 896 3776
157 955 3777
317 882 3778
508 857 3779
562 779 3780
288 814 3781
697 836 3782
575 897 3783
129 713 3784
196 661 3785
485 740 3786
13 117 3787
326 690 3788
735 834 3789
183 494 3790
719 980 3791
314 552 3792
876 882 3793
261 902 3794
693 726 3795
330 764 3796
81 402 3797
155 455 3798
273 832 3799
289 853 3800
420 902 3801
428 800 3802
376 750 3803
674 758 3804
247 797 3805
178 880 3806
57 85 3807
644 769 3808
64 664 3809
191 193 3810
25 162 3811
278 448 3812
49 83 3813
763 807 3814
169 716 3815
285 441 3816
212 443 3817
1 163 3818
234 635 3819
88 713 3820
40 613 3821
182 317 3822
500 781 3823
468 761 3824
203 928 3825
175 244 3826
116 474 3827
644 865 3828
806 891 3829
521 620 3830
197 546 3831
211 519 3832
348 554 3833
163 363 3834
170 847 3835
23 100 3836
15 67 3837
678 854 3838
410 528 3839
794 830 3840
568 861 3841
471 908 3842
424 938 3843
2 580 3844
347 600 3845
528 789 3846
72 134 3847
716 931 3848
343 799 3849
359 460 3850
768 906 3851
598 797 3852
368 383 3853
109 909 3854
501 869 3855
545 678 3856
176 450 3857
121 340 3858
169 361 3859
247 455 3860
417 886 3861
327 726 3862
515 561 3863
698 872 3864
583 908 3865
109 288 3866
587 740 3867
364 829 3868
142 480 3869
14 185 3870
140 913 3871
342 501 3872
263 702 3873
104 871 3874
236 839 3875
659 922 3876
783 893 3877
370 466 3878
101 622 3879
742 915 3880
105 599 3881
221 721 3882
525 925 3883
142 490 3884
306 516 3885
290 389 3886
134 198 3887
259 290 3888
37 183 3889
213 272 3890
499 593 3891
505 972 3892
72 593 3893
727 783 3894
745 765 3895
106 137 3896
617 723 3897
173 603 3898
12 768 3899
440 587 3900
579 898 3901
130 190 3902
437 507 3903
568 753 3904
227 922 3905
216 889 3906
345 697 3907
151 766 3908
695 730 3909
190 934 3910
466 690 3911
323 694 3912
356 962 3913
403 618 3914
252 361 3915
221 316 3916
97 888 3917
27 241 3918
787 898 3919
580 846 3920
277 788 3921
69 242 3922
63 291 3923
268 671 3924
207 231 3925
479 847 3926
93 187 3927
95 574 3928
285 858 3929
499 828 3930
219 350 3931
411 930 3932
623 854 3933
652 737 3934
257 671 3935
341 608 3936
75 681 3937
82 759 3938
160 960 3939
260 268 3940
941 998 3941
235 861 3942
883 948 3943
600 840 3944
567 723 3945
360 656 3946
74 190 3947
241 596 3948
100 905 3949
828 912 3950
546 651 3951
0 968 3952
160 405 3953
465 596 3954
224 689 3955
544 972 3956
491 830 3957
88 702 3958
744 997 3959
27 390 3960
293 841 3961
320 662 3962
134 746 3963
180 810 3964
660 932 3965
628 907 3966
218 842 3967
63 730 3968
382 600 3969
194 347 3970
487 582 3971
419 585 3972
54 126 3973
601 850 3974
496 532 3975
85 271 3976
33 254 3977
314 591 3978
670 859 3979
207 626 3980
214 486 3981
225 637 3982
510 894 3983
188 329 3984
13 72 3985
357 545 3986
153 224 3987
776 875 3988
185 916 3989
200 270 3990
705 827 3991
714 727 3992
354 727 3993
411 949 3994
959 993 3995
343 820 3996
467 695 3997
181 695 3998
197 654 3999
625 787 4000
518 991 4001
496 672 4002
544 598 4003
322 586 4004
59 819 4005
618 980 4006
288 491 4007
620 937 4008
139 963 4009
436 550 4010
167 894 4011
90 645 4012
282 343 4013
810 863 4014
356 820 4015
298 823 4016
154 721 4017
136 882 4018
328 492 4019
100 613 4020
352 363 4021
705 950 4022
22 256 4023
83 689 4024
16 72 4025
57 572 4026
681 952 4027
731 773 4028
103 452 4029
306 307 4030
297 431 4031
360 944 4032
303 504 4033
375 983 4034
132 907 4035
429 877 4036
328 764 4037
604 918 4038
14 53 4039
319 332 4040
337 861 4041
843 949 4042
431 532 4043
305 746 4044
157 638 4045
17 198 4046
528 688 4047
62 774 4048
262 698 4049
411 809 4050
85 841 4051
164 437 4052
203 482 4053
26 179 4054
344 786 4055
113 505 4056
747 833 4057
120 921 4058
137 963 4059
890 928 4060
178 748 4061
345 414 4062
577 918 4063
569 898 4064
90 975 4065
205 630 4066
64 932 4067
243 802 4068
321 925 4069
65 952 4070
7 812 4071
567 865 4072
43 808 4073
148 439 4074
388 844 4075
796 949 4076
246 826 4077
602 813 4078
104 271 4079
664 863 4080
110 262 4081
643 817 4082
409 415 4083
327 772 4084
374 771 4085
548 559 4086
545 930 4087
338 533 4088
597 853 4089
754 811 4090
694 780 4091
139 282 4092
524 816 4093
204 872 4094
681 768 4095
426 499 4096
435 874 4097
96 592 4098
943 969 4099
425 684 4100
550 876 4101
37 66 4102
78 962 4103
781 913 4104
629 816 4105
309 929 4106
603 834 4107
190 507 4108
33 588 4109
10 32 4110
67 708 4111
23 52 4112
681 683 4113
654 783 4114
59 730 4115
602 785 4116
541 781 4117
135 174 4118
329 804 4119
82 996 4120
198 524 4121
265 812 4122
129 219 4123
761 876 4124
476 831 4125
176 552 4126
136 223 4127
795 894 4128
631 650 4129
176 198 4130
350 882 4131
91 390 4132
136 280 4133
33 715 4134
119 335 4135
99 746 4136
201 476 4137
300 792 4138
507 516 4139
467 507 4140
15 431 4141
433 758 4142
373 468 4143
506 768 4144
206 451 4145
420 638 4146
537 771 4147
193 863 4148
45 700 4149
139 998 4150
764 900 4151
12 440 4152
27 392 4153
64 695 4154
282 473 4155
943 975 4156
289 996 4157
715 850 4158
326 711 4159
37 172 4160
83 699 4161
224 747 4162
814 975 4163
131 621 4164
600 945 4165
111 764 4166
383 693 4167
616 966 4168
477 840 4169
555 901 4170
169 719 4171
636 711 4172
423 675 4173
247 448 4174
442 941 4175
224 365 4176
61 701 4177
210 520 4178
933 948 4179
392 718 4180
489 614 4181
669 689 4182
447 715 4183
679 966 4184
474 545 4185
736 981 4186
287 832 4187
160 879 4188
85 920 4189
10 16 4190
299 532 4191
225 887 4192
494 986 4193
911 924 4194
518 786 4195
599 706 4196
471 597 4197
901 999 4198
273 655 4199
130 442 4200
556 616 4201
36 370 4202
138 566 4203
112 219 4204
0 557 4205
171 641 4206
93 765 4207
496 774 4208
1 659 4209
134 218 4210
343 509 4211
533 687 4212
585 909 4213
48 979 4214
83 923 4215
590 853 4216
364 577 4217
626 798 4218
358 465 4219
113 332 4220
561 972 4221
405 493 4222
527 991 4223
407 518 4224
325 737 4225
356 501 4226
548 990 4227
550 965 4228
304 503 4229
650 695 4230
374 993 4231
272 496 4232
480 514 4233
183 260 4234
398 902 4235
663 778 4236
352 709 4237
820 924 4238
22 204 4239
425 819 4240
342 788 4241
498 774 4242
108 221 4243
769 811 4244
159 341 4245
5 567 4246
446 958 4247
665 766 4248
472 750 4249
148 748 4250
260 381 4251
439 679 4252
62 900 4253
497 610 4254
752 754 4255
339 951 4256
443 531 4257
759 982 4258
78 437 4259
310 775 4260
396 583 4261
534 755 4262
558 963 4263
789 880 4264
355 926 4265
61 872 4266
60 254 4267
89 590 4268
54 279 4269
4 306 4270
450 721 4271
13 598 4272
202 498 4273
683 999 4274
708 842 4275
327 528 4276
92 118 4277
30 779 4278
688 955 4279
142 219 4280
99 151 4281
233 941 4282
846 895 4283
90 830 4284
235 268 4285
618 799 4286
129 487 4287
515 731 4288
126 866 4289
706 805 4290
426 666 4291
45 981 4292
600 932 4293
325 550 4294
182 426 4295
341 999 4296
553 879 4297
248 424 4298
608 759 4299
389 810 4300
47 990 4301
329 421 4302
245 615 4303
97 671 4304
174 602 4305
137 501 4306
339 451 4307
138 342 4308
179 961 4309
662 782 4310
431 671 4311
287 759 4312
15 130 4313
103 687 4314
2 817 4315
572 942 4316
268 525 4317
472 557 4318
133 979 4319
919 947 4320
887 984 4321
390 700 4322
28 264 4323
474 932 4324
109 927 4325
778 914 4326
363 867 4327
915 939 4328
192 553 4329
77 125 4330
197 352 4331
392 857 4332
173 202 4333
260 980 4334
160 375 4335
323 617 4336
226 927 4337
862 953 4338
507 982 4339
188 705 4340
259 421 4341
535 754 4342
290 987 4343
331 693 4344
486 543 4345
449 973 4346
686 702 4347
94 389 4348
149 566 4349
249 346 4350
376 486 4351
311 456 4352
149 862 4353
282 969 4354
400 997 4355
314 458 4356
879 890 4357
171 990 4358
389 735 4359
772 976 4360
82 572 4361
44 85 4362
174 217 4363
763 908 4364
150 370 4365
413 876 4366
343 570 4367
645 882 4368
282 856 4369
124 233 4370
78 555 4371
668 798 4372
369 685 4373
140 358 4374
78 108 4375
391 784 4376
728 828 4377
330 716 4378
357 775 4379
838 961 4380
412 521 4381
218 683 4382
288 532 4383
334 861 4384
464 754 4385
261 875 4386
685 982 4387
158 741 4388
710 883 4389
610 626 4390
362 992 4391
689 955 4392
672 875 4393
814 984 4394
684 816 4395
371 629 4396
17 604 4397
84 294 4398
67 380 4399
29 553 4400
683 956 4401
534 814 4402
501 538 4403
250 796 4404
182 506 4405
288 410 4406
477 912 4407
287 338 4408
294 399 4409
535 949 4410
159 933 4411
806 983 4412
482 725 4413
17 610 4414
532 749 4415
635 938 4416
337 841 4417
150 511 4418
102 704 4419
253 256 4420
456 458 4421
95 162 4422
656 963 4423
16 822 4424
975 995 4425
502 866 4426
103 348 4427
179 982 4428
728 881 4429
417 620 4430
14 171 4431
75 458 4432
756 909 4433
395 494 4434
181 813 4435
521 921 4436
216 430 4437
66 292 4438
104 577 4439
52 823 4440
63 758 4441
906 982 4442
516 678 4443
801 968 4444
409 727 4445
550 712 4446
123 893 4447
114 756 4448
311 312 4449
91 151 4450
265 408 4451
152 537 4452
10 494 4453
356 970 4454
4 446 4455
327 632 4456
39 203 4457
462 938 4458
149 288 4459
498 792 4460
154 899 4461
638 828 4462
40 411 4463
151 550 4464
664 720 4465
332 993 4466
515 929 4467
642 686 4468
644 946 4469
172 640 4470
389 917 4471
402 627 4472
116 812 4473
556 645 4474
312 376 4475
88 965 4476
72 994 4477
115 767 4478
232 968 4479
736 797 4480
173 531 4481
5 627 4482
61 346 4483
197 822 4484
355 874 4485
119 933 4486
763 900 4487
180 552 4488
740 801 4489
448 686 4490
737 738 4491
733 845 4492
749 812 4493
60 808 4494
742 978 4495
525 726 4496
430 949 4497
32 751 4498
260 450 4499
691 966 4500
503 956 4501
234 672 4502
253 959 4503
365 429 4504
160 644 4505
161 205 4506
795 844 4507
82 818 4508
314 331 4509
225 817 4510
732 808 4511
248 856 4512
292 670 4513
567 571 4514
315 362 4515
438 810 4516
422 533 4517
0 380 4518
941 996 4519
111 997 4520
85 274 4521
810 998 4522
485 598 4523
293 569 4524
306 951 4525
411 541 4526
33 91 4527
133 964 4528
351 826 4529
396 785 4530
86 668 4531
334 741 4532
621 702 4533
837 847 4534
189 212 4535
547 644 4536
387 813 4537
30 229 4538
9 48 4539
841 864 4540
411 919 4541
665 878 4542
592 623 4543
88 223 4544
248 518 4545
12 419 4546
460 989 4547
809 881 4548
10 603 4549
573 886 4550
24 900 4551
463 920 4552
147 151 4553
290 889 4554
179 743 4555
71 181 4556
467 818 4557
76 506 4558
181 250 4559
24 209 4560
369 566 4561
26 76 4562
503 935 4563
544 836 4564
523 852 4565
6 662 4566
406 748 4567
486 837 4568
734 856 4569
400 450 4570
626 706 4571
92 784 4572
245 271 4573
44 133 4574
262 655 4575
66 543 4576
182 607 4577
32 405 4578
555 843 4579
345 372 4580
198 384 4581
479 710 4582
562 859 4583
123 345 4584
650 930 4585
749 934 4586
331 870 4587
402 662 4588
813 815 4589
419 707 4590
162 312 4591
18 171 4592
688 802 4593
320 327 4594
724 843 4595
442 885 4596
171 873 4597
402 830 4598
98 625 4599
274 663 4600
413 939 4601
169 434 4602
660 950 4603
313 976 4604
216 483 4605
98 428 4606
152 417 4607
849 985 4608
225 642 4609
587 801 4610
383 807 4611
176 626 4612
566 815 4613
31 806 4614
282 334 4615
6 213 4616
712 840 4617
461 849 4618
147 977 4619
370 868 4620
392 509 4621
948 966 4622
68 943 4623
455 907 4624
239 551 4625
157 215 4626
898 962 4627
284 302 4628
77 452 4629
298 737 4630
176 496 4631
318 413 4632
309 344 4633
787 905 4634
724 772 4635
714 794 4636
9 96 4637
296 822 4638
334 377 4639
754 780 4640
112 402 4641
320 758 4642
56 519 4643
551 657 4644
213 651 4645
187 835 4646
215 887 4647
297 967 4648
165 565 4649
141 144 4650
392 437 4651
502 782 4652
86 803 4653
512 898 4654
195 979 4655
155 161 4656
260 443 4657
184 424 4658
915 988 4659
516 858 4660
339 854 4661
807 954 4662
472 511 4663
70 202 4664
350 788 4665
112 153 4666
638 773 4667
491 529 4668
424 595 4669
709 749 4670
47 399 4671
565 600 4672
321 437 4673
214 921 4674
344 769 4675
138 659 4676
49 748 4677
192 524 4678
571 801 4679
232 462 4680
778 817 4681
154 716 4682
824 852 4683
385 495 4684
714 991 4685
169 289 4686
649 772 4687
110 981 4688
692 845 4689
652 814 4690
125 768 4691
387 943 4692
40 849 4693
359 923 4694
307 959 4695
90 916 4696
790 846 4697
17 494 4698
195 373 4699
38 932 4700
148 240 4701
127 578 4702
391 467 4703
178 618 4704
331 409 4705
62 779 4706
403 962 4707
190 215 4708
152 967 4709
59 312 4710
607 990 4711
176 653 4712
877 987 4713
124 760 4714
134 320 4715
932 947 4716
568 574 4717
328 470 4718
212 653 4719
162 635 4720
489 590 4721
95 338 4722
563 664 4723
427 892 4724
96 905 4725
31 855 4726
51 680 4727
542 953 4728
230 478 4729
15 640 4730
324 405 4731
194 229 4732
532 780 4733
757 831 4734
585 908 4735
12 901 4736
455 460 4737
643 976 4738
83 837 4739
13 508 4740
104 980 4741
471 729 4742
9 22 4743
736 754 4744
348 726 4745
499 892 4746
449 845 4747
41 893 4748
540 888 4749
9 635 4750
260 505 4751
170 718 4752
267 698 4753
49 749 4754
64 336 4755
352 936 4756
383 666 4757
183 354 4758
578 614 4759
150 421 4760
216 722 4761
86 436 4762
656 879 4763
178 980 4764
345 531 4765
535 760 4766
426 889 4767
189 911 4768
595 954 4769
100 423 4770
205 331 4771
269 641 4772
193 401 4773
76 212 4774
596 943 4775
275 688 4776
196 881 4777
291 343 4778
155 757 4779
460 905 4780
461 488 4781
588 639 4782
274 903 4783
284 597 4784
220 278 4785
389 636 4786
873 893 4787
304 987 4788
299 929 4789
51 888 4790
166 258 4791
643 953 4792
317 923 4793
179 759 4794
171 720 4795
142 472 4796
386 883 4797
204 820 4798
448 869 4799
440 539 4800
809 913 4801
166 716 4802
611 613 4803
501 514 4804
87 639 4805
66 604 4806
168 763 4807
481 896 4808
403 621 4809
359 459 4810
511 760 4811
412 916 4812
443 652 4813
658 833 4814
558 784 4815
196 827 4816
310 768 4817
688 848 4818
447 490 4819
549 694 4820
365 388 4821
300 365 4822
72 881 4823
36 287 4824
385 996 4825
135 198 4826
91 255 4827
148 648 4828
507 765 4829
290 825 4830
252 460 4831
398 509 4832
759 886 4833
438 661 4834
137 638 4835
188 889 4836
439 446 4837
415 846 4838
866 987 4839
346 578 4840
313 860 4841
492 916 4842
104 805 4843
235 251 4844
256 266 4845
166 239 4846
334 991 4847
219 659 4848
818 836 4849
576 655 4850
382 752 4851
352 472 4852
243 552 4853
323 988 4854
527 782 4855
40 209 4856
483 500 4857
196 837 4858
147 366 4859
710 961 4860
758 926 4861
377 716 4862
164 352 4863
21 911 4864
728 789 4865
1 831 4866
340 842 4867
253 570 4868
90 969 4869
246 254 4870
537 584 4871
251 605 4872
6 704 4873
242 318 4874
6 188 4875
649 666 4876
517 593 4877
490 537 4878
554 982 4879
91 97 4880
730 947 4881
586 877 4882
321 784 4883
185 596 4884
803 861 4885
320 946 4886
30 400 4887
575 686 4888
167 253 4889
390 835 4890
382 522 4891
338 557 4892
531 674 4893
351 793 4894
796 973 4895
35 470 4896
37 848 4897
714 798 4898
131 647 4899
77 114 4900
468 766 4901
265 322 4902
259 354 4903
169 995 4904
342 832 4905
166 398 4906
193 914 4907
381 911 4908
722 924 4909
565 729 4910
133 499 4911
278 741 4912
535 656 4913
502 985 4914
33 920 4915
292 379 4916
666 786 4917
363 774 4918
498 880 4919
7 126 4920
254 437 4921
597 987 4922
60 329 4923
50 706 4924
21 455 4925
607 865 4926
34 294 4927
284 760 4928
348 907 4929
161 969 4930
523 638 4931
140 335 4932
385 534 4933
28 267 4934
316 666 4935
522 935 4936
41 800 4937
605 881 4938
769 963 4939
336 743 4940
28 719 4941
344 386 4942
19 130 4943
604 654 4944
487 608 4945
723 988 4946
89 819 4947
52 714 4948
904 929 4949
652 727 4950
502 967 4951
55 59 4952
563 932 4953
22 24 4954
231 330 4955
591 991 4956
596 951 4957
400 695 4958
105 610 4959
15 209 4960
93 756 4961
361 700 4962
629 991 4963
345 369 4964
116 438 4965
493 868 4966
332 978 4967
102 325 4968
744 848 4969
154 330 4970
278 585 4971
211 432 4972
453 954 4973
357 776 4974
340 476 4975
409 863 4976
569 748 4977
776 887 4978
356 906 4979
195 824 4980
225 896 4981
313 919 4982
304 967 4983
813 841 4984
18 369 4985
224 618 4986
452 530 4987
409 621 4988
365 873 4989
826 888 4990
305 967 4991
340 562 4992
19 449 4993
232 417 4994
168 400 4995
539 566 4996
147 739 4997
452 718 4998
634 870 4999
663 835 5000
